Time	Node	AppId	SeqNo	Type	DelayS	DelayUS	RetxCount	HopCount
0.0157664	leaf-2	0	13	LastDelay	0.0057664	5766.4	1	2
0.0157664	leaf-2	0	13	FullDelay	0.0057664	5766.4	1	2
0.0257664	leaf-3	0	1	LastDelay	0.0057664	5766.4	1	2
0.0257664	leaf-3	0	1	FullDelay	0.0057664	5766.4	1	2
0.0357664	leaf-4	0	11	LastDelay	0.0057664	5766.4	1	2
0.0357664	leaf-4	0	11	FullDelay	0.0057664	5766.4	1	2
0.105766	leaf-1	0	5	LastDelay	0.0057664	5766.4	1	2
0.105766	leaf-1	0	5	FullDelay	0.0057664	5766.4	1	2
0.115766	leaf-2	0	10	LastDelay	0.0057664	5766.4	1	2
0.115766	leaf-2	0	10	FullDelay	0.0057664	5766.4	1	2
0.125766	leaf-3	0	3	LastDelay	0.0057664	5766.4	1	2
0.125766	leaf-3	0	3	FullDelay	0.0057664	5766.4	1	2
0.132883	leaf-4	0	3	LastDelay	0.0028832	2883.2	1	1
0.132883	leaf-4	0	3	FullDelay	0.0028832	2883.2	1	1
0.205766	leaf-1	0	2	LastDelay	0.0057664	5766.4	1	2
0.205766	leaf-1	0	2	FullDelay	0.0057664	5766.4	1	2
0.212883	leaf-2	0	10	LastDelay	0.0028832	2883.2	1	1
0.212883	leaf-2	0	10	FullDelay	0.0028832	2883.2	1	1
0.222883	leaf-3	0	1	LastDelay	0.0028832	2883.2	1	1
0.222883	leaf-3	0	1	FullDelay	0.0028832	2883.2	1	1
0.232883	leaf-4	0	3	LastDelay	0.0028832	2883.2	1	1
0.232883	leaf-4	0	3	FullDelay	0.0028832	2883.2	1	1
0.305766	leaf-1	0	30	LastDelay	0.0057664	5766.4	1	2
0.305766	leaf-1	0	30	FullDelay	0.305766	305766	2	2
0.315766	leaf-2	0	11	LastDelay	0.0057664	5766.4	1	2
0.315766	leaf-2	0	11	FullDelay	0.0057664	5766.4	1	2
0.322883	leaf-3	0	3	LastDelay	0.0028832	2883.2	1	1
0.322883	leaf-3	0	3	FullDelay	0.0028832	2883.2	1	1
0.335766	leaf-4	0	7	LastDelay	0.0057664	5766.4	1	2
0.335766	leaf-4	0	7	FullDelay	0.0057664	5766.4	1	2
0.405766	leaf-1	0	1	LastDelay	0.0057664	5766.4	1	2
0.405766	leaf-1	0	1	FullDelay	0.0057664	5766.4	1	2
0.415766	leaf-2	0	9	LastDelay	0.0057664	5766.4	1	2
0.415766	leaf-2	0	9	FullDelay	0.0057664	5766.4	1	2
0.422883	leaf-3	0	1	LastDelay	0.0028832	2883.2	1	1
0.422883	leaf-3	0	1	FullDelay	0.0028832	2883.2	1	1
0.435766	leaf-4	0	17	LastDelay	0.0057664	5766.4	1	2
0.435766	leaf-4	0	17	FullDelay	0.0057664	5766.4	1	2
0.505766	leaf-1	0	21	LastDelay	0.0057664	5766.4	1	2
0.505766	leaf-1	0	21	FullDelay	0.0057664	5766.4	1	2
0.515766	leaf-2	0	7	LastDelay	0.0057664	5766.4	1	2
0.515766	leaf-2	0	7	FullDelay	0.0057664	5766.4	1	2
0.525766	leaf-3	0	4	LastDelay	0.0057664	5766.4	1	2
0.525766	leaf-3	0	4	FullDelay	0.0057664	5766.4	1	2
0.532883	leaf-4	0	4	LastDelay	0.0028832	2883.2	1	1
0.532883	leaf-4	0	4	FullDelay	0.0028832	2883.2	1	1
0.602883	leaf-1	0	2	LastDelay	0.0028832	2883.2	1	1
0.602883	leaf-1	0	2	FullDelay	0.0028832	2883.2	1	1
0.615766	leaf-2	0	25	LastDelay	0.0057664	5766.4	1	2
0.615766	leaf-2	0	25	FullDelay	0.0057664	5766.4	1	2
0.625766	leaf-3	0	18	LastDelay	0.0057664	5766.4	1	2
0.625766	leaf-3	0	18	FullDelay	0.0057664	5766.4	1	2
0.635766	leaf-4	0	26	LastDelay	0.0057664	5766.4	1	2
0.635766	leaf-4	0	26	FullDelay	0.0057664	5766.4	1	2
0.702883	leaf-1	0	7	LastDelay	0.0028832	2883.2	1	1
0.702883	leaf-1	0	7	FullDelay	0.0028832	2883.2	1	1
0.712883	leaf-2	0	7	LastDelay	0.0028832	2883.2	1	1
0.712883	leaf-2	0	7	FullDelay	0.0028832	2883.2	1	1
0.725766	leaf-3	0	23	LastDelay	0.0057664	5766.4	1	2
0.725766	leaf-3	0	23	FullDelay	0.0057664	5766.4	1	2
0.735766	leaf-4	0	2	LastDelay	0.0057664	5766.4	1	2
0.735766	leaf-4	0	2	FullDelay	0.0057664	5766.4	1	2
0.805766	leaf-1	0	6	LastDelay	0.0057664	5766.4	1	2
0.805766	leaf-1	0	6	FullDelay	0.0057664	5766.4	1	2
0.815766	leaf-2	0	4	LastDelay	0.0057664	5766.4	1	2
0.815766	leaf-2	0	4	FullDelay	0.0057664	5766.4	1	2
0.825766	leaf-3	0	8	LastDelay	0.0057664	5766.4	1	2
0.825766	leaf-3	0	8	FullDelay	0.0057664	5766.4	1	2
0.835766	leaf-4	0	21	LastDelay	0.0057664	5766.4	1	2
0.835766	leaf-4	0	21	FullDelay	0.0057664	5766.4	1	2
0.902883	leaf-1	0	5	LastDelay	0.0028832	2883.2	1	1
0.902883	leaf-1	0	5	FullDelay	0.0028832	2883.2	1	1
0.912883	leaf-2	0	2	LastDelay	0.0028832	2883.2	1	1
0.912883	leaf-2	0	2	FullDelay	0.0028832	2883.2	1	1
0.922883	leaf-3	0	11	LastDelay	0.0028832	2883.2	1	1
0.922883	leaf-3	0	11	FullDelay	0.0028832	2883.2	1	1
0.935766	leaf-4	0	13	LastDelay	0.0057664	5766.4	1	2
0.935766	leaf-4	0	13	FullDelay	0.0057664	5766.4	1	2
1.00288	leaf-1	0	6	LastDelay	0.0028832	2883.2	1	1
1.00288	leaf-1	0	6	FullDelay	0.0028832	2883.2	1	1
1.01577	leaf-2	0	3	LastDelay	0.0057664	5766.4	1	2
1.01577	leaf-2	0	3	FullDelay	0.0057664	5766.4	1	2
1.02577	leaf-3	0	20	LastDelay	0.0057664	5766.4	1	2
1.02577	leaf-3	0	20	FullDelay	0.0057664	5766.4	1	2
1.03288	leaf-4	0	4	LastDelay	0.0028832	2883.2	1	1
1.03288	leaf-4	0	4	FullDelay	0.0028832	2883.2	1	1
1.10288	leaf-1	0	6	LastDelay	0.0028832	2883.2	1	1
1.10288	leaf-1	0	6	FullDelay	0.0028832	2883.2	1	1
1.11288	leaf-2	0	3	LastDelay	0.0028832	2883.2	1	1
1.11288	leaf-2	0	3	FullDelay	0.0028832	2883.2	1	1
1.12288	leaf-3	0	3	LastDelay	0.0028832	2883.2	1	1
1.12288	leaf-3	0	3	FullDelay	0.0028832	2883.2	1	1
1.13288	leaf-4	0	17	LastDelay	0.0028832	2883.2	1	1
1.13288	leaf-4	0	17	FullDelay	0.0028832	2883.2	1	1
1.20288	leaf-1	0	6	LastDelay	0.0028832	2883.2	1	1
1.20288	leaf-1	0	6	FullDelay	0.0028832	2883.2	1	1
1.21288	leaf-2	0	30	LastDelay	0.0028832	2883.2	1	1
1.21288	leaf-2	0	30	FullDelay	0.0028832	2883.2	1	1
1.22288	leaf-3	0	2	LastDelay	0.0028832	2883.2	1	1
1.22288	leaf-3	0	2	FullDelay	0.0028832	2883.2	1	1
1.23288	leaf-4	0	2	LastDelay	0.0028832	2883.2	1	1
1.23288	leaf-4	0	2	FullDelay	0.0028832	2883.2	1	1
1.30577	leaf-1	0	27	LastDelay	0.0057664	5766.4	1	2
1.30577	leaf-1	0	27	FullDelay	0.0057664	5766.4	1	2
1.31577	leaf-2	0	20	LastDelay	0.0057664	5766.4	1	2
1.31577	leaf-2	0	20	FullDelay	0.0057664	5766.4	1	2
1.32288	leaf-3	0	1	LastDelay	0.0028832	2883.2	1	1
1.32288	leaf-3	0	1	FullDelay	0.0028832	2883.2	1	1
1.33577	leaf-4	0	14	LastDelay	0.0057664	5766.4	1	2
1.33577	leaf-4	0	14	FullDelay	0.0057664	5766.4	1	2
1.40288	leaf-1	0	4	LastDelay	0.0028832	2883.2	1	1
1.40288	leaf-1	0	4	FullDelay	0.0028832	2883.2	1	1
1.41288	leaf-2	0	2	LastDelay	0.0028832	2883.2	1	1
1.41288	leaf-2	0	2	FullDelay	0.0028832	2883.2	1	1
1.42288	leaf-3	0	3	LastDelay	0.0028832	2883.2	1	1
1.42288	leaf-3	0	3	FullDelay	0.0028832	2883.2	1	1
1.43288	leaf-4	0	2	LastDelay	0.0028832	2883.2	1	1
1.43288	leaf-4	0	2	FullDelay	0.0028832	2883.2	1	1
1.50577	leaf-1	0	24	LastDelay	0.0057664	5766.4	1	2
1.50577	leaf-1	0	24	FullDelay	0.0057664	5766.4	1	2
1.51288	leaf-2	0	2	LastDelay	0.0028832	2883.2	1	1
1.51288	leaf-2	0	2	FullDelay	0.0028832	2883.2	1	1
1.52577	leaf-3	0	27	LastDelay	0.0057664	5766.4	1	2
1.52577	leaf-3	0	27	FullDelay	0.0057664	5766.4	1	2
1.53288	leaf-4	0	7	LastDelay	0.0028832	2883.2	1	1
1.53288	leaf-4	0	7	FullDelay	0.0028832	2883.2	1	1
1.60577	leaf-1	0	12	LastDelay	0.0057664	5766.4	1	2
1.60577	leaf-1	0	12	FullDelay	0.0057664	5766.4	1	2
1.61288	leaf-2	0	11	LastDelay	0.0028832	2883.2	1	1
1.61288	leaf-2	0	11	FullDelay	0.0028832	2883.2	1	1
1.62288	leaf-3	0	1	LastDelay	0.0028832	2883.2	1	1
1.62288	leaf-3	0	1	FullDelay	0.0028832	2883.2	1	1
1.63577	leaf-4	0	29	LastDelay	0.0057664	5766.4	1	2
1.63577	leaf-4	0	29	FullDelay	0.0057664	5766.4	1	2
1.70577	leaf-1	0	14	LastDelay	0.0057664	5766.4	1	2
1.70577	leaf-1	0	14	FullDelay	0.0057664	5766.4	1	2
1.71288	leaf-2	0	1	LastDelay	0.0028832	2883.2	1	1
1.71288	leaf-2	0	1	FullDelay	0.0028832	2883.2	1	1
1.72577	leaf-3	0	28	LastDelay	0.0057664	5766.4	1	2
1.72577	leaf-3	0	28	FullDelay	0.0057664	5766.4	1	2
1.73288	leaf-4	0	26	LastDelay	0.0028832	2883.2	1	1
1.73288	leaf-4	0	26	FullDelay	0.0028832	2883.2	1	1
1.80288	leaf-1	0	1	LastDelay	0.0028832	2883.2	1	1
1.80288	leaf-1	0	1	FullDelay	0.0028832	2883.2	1	1
1.81288	leaf-2	0	11	LastDelay	0.0028832	2883.2	1	1
1.81288	leaf-2	0	11	FullDelay	0.0028832	2883.2	1	1
1.82288	leaf-3	0	14	LastDelay	0.0028832	2883.2	1	1
1.82288	leaf-3	0	14	FullDelay	0.0028832	2883.2	1	1
1.83288	leaf-4	0	14	LastDelay	0.0028832	2883.2	1	1
1.83288	leaf-4	0	14	FullDelay	0.0028832	2883.2	1	1
1.90577	leaf-1	0	17	LastDelay	0.0057664	5766.4	1	2
1.90577	leaf-1	0	17	FullDelay	0.0057664	5766.4	1	2
1.91288	leaf-2	0	1	LastDelay	0.0028832	2883.2	1	1
1.91288	leaf-2	0	1	FullDelay	0.0028832	2883.2	1	1
1.92288	leaf-3	0	2	LastDelay	0.0028832	2883.2	1	1
1.92288	leaf-3	0	2	FullDelay	0.0028832	2883.2	1	1
1.93288	leaf-4	0	21	LastDelay	0.0028832	2883.2	1	1
1.93288	leaf-4	0	21	FullDelay	0.0028832	2883.2	1	1
2.00288	leaf-1	0	20	LastDelay	0.0028832	2883.2	1	1
2.00288	leaf-1	0	20	FullDelay	0.0028832	2883.2	1	1
2.01288	leaf-2	0	2	LastDelay	0.0028832	2883.2	1	1
2.01288	leaf-2	0	2	FullDelay	0.0028832	2883.2	1	1
2.02288	leaf-3	0	7	LastDelay	0.0028832	2883.2	1	1
2.02288	leaf-3	0	7	FullDelay	0.0028832	2883.2	1	1
2.03288	leaf-4	0	3	LastDelay	0.0028832	2883.2	1	1
2.03288	leaf-4	0	3	FullDelay	0.0028832	2883.2	1	1
2.10288	leaf-1	0	9	LastDelay	0.0028832	2883.2	1	1
2.10288	leaf-1	0	9	FullDelay	0.0028832	2883.2	1	1
2.11288	leaf-2	0	7	LastDelay	0.0028832	2883.2	1	1
2.11288	leaf-2	0	7	FullDelay	0.0028832	2883.2	1	1
2.12288	leaf-3	0	13	LastDelay	0.0028832	2883.2	1	1
2.12288	leaf-3	0	13	FullDelay	0.0028832	2883.2	1	1
2.13288	leaf-4	0	3	LastDelay	0.0028832	2883.2	1	1
2.13288	leaf-4	0	3	FullDelay	0.0028832	2883.2	1	1
2.20577	leaf-1	0	26	LastDelay	0.0057664	5766.4	1	2
2.20577	leaf-1	0	26	FullDelay	0.0057664	5766.4	1	2
2.21577	leaf-2	0	22	LastDelay	0.0057664	5766.4	1	2
2.21577	leaf-2	0	22	FullDelay	0.0057664	5766.4	1	2
2.22288	leaf-3	0	2	LastDelay	0.0028832	2883.2	1	1
2.22288	leaf-3	0	2	FullDelay	0.0028832	2883.2	1	1
2.23288	leaf-4	0	11	LastDelay	0.0028832	2883.2	1	1
2.23288	leaf-4	0	11	FullDelay	0.0028832	2883.2	1	1
2.30288	leaf-1	0	22	LastDelay	0.0028832	2883.2	1	1
2.30288	leaf-1	0	22	FullDelay	0.0028832	2883.2	1	1
2.31288	leaf-2	0	14	LastDelay	0.0028832	2883.2	1	1
2.31288	leaf-2	0	14	FullDelay	0.0028832	2883.2	1	1
2.32288	leaf-3	0	2	LastDelay	0.0028832	2883.2	1	1
2.32288	leaf-3	0	2	FullDelay	0.0028832	2883.2	1	1
2.33288	leaf-4	0	18	LastDelay	0.0028832	2883.2	1	1
2.33288	leaf-4	0	18	FullDelay	0.0028832	2883.2	1	1
2.40288	leaf-1	0	3	LastDelay	0.0028832	2883.2	1	1
2.40288	leaf-1	0	3	FullDelay	0.0028832	2883.2	1	1
2.41288	leaf-2	0	27	LastDelay	0.0028832	2883.2	1	1
2.41288	leaf-2	0	27	FullDelay	0.0028832	2883.2	1	1
2.42577	leaf-3	0	12	LastDelay	0.0057664	5766.4	1	2
2.42577	leaf-3	0	12	FullDelay	0.0057664	5766.4	1	2
2.43577	leaf-4	0	6	LastDelay	0.0057664	5766.4	1	2
2.43577	leaf-4	0	6	FullDelay	0.0057664	5766.4	1	2
2.50577	leaf-1	0	23	LastDelay	0.0057664	5766.4	1	2
2.50577	leaf-1	0	23	FullDelay	0.0057664	5766.4	1	2
2.51577	leaf-2	0	8	LastDelay	0.0057664	5766.4	1	2
2.51577	leaf-2	0	8	FullDelay	0.0057664	5766.4	1	2
2.52288	leaf-3	0	13	LastDelay	0.0028832	2883.2	1	1
2.52288	leaf-3	0	13	FullDelay	0.0028832	2883.2	1	1
2.53577	leaf-4	0	19	LastDelay	0.0057664	5766.4	1	2
2.53577	leaf-4	0	19	FullDelay	0.0057664	5766.4	1	2
2.60288	leaf-1	0	21	LastDelay	0.0028832	2883.2	1	1
2.60288	leaf-1	0	21	FullDelay	0.0028832	2883.2	1	1
2.61288	leaf-2	0	2	LastDelay	0.0028832	2883.2	1	1
2.61288	leaf-2	0	2	FullDelay	0.0028832	2883.2	1	1
2.62288	leaf-3	0	12	LastDelay	0.0028832	2883.2	1	1
2.62288	leaf-3	0	12	FullDelay	0.0028832	2883.2	1	1
2.63288	leaf-4	0	1	LastDelay	0.0028832	2883.2	1	1
2.63288	leaf-4	0	1	FullDelay	0.0028832	2883.2	1	1
2.70288	leaf-1	0	1	LastDelay	0.0028832	2883.2	1	1
2.70288	leaf-1	0	1	FullDelay	0.0028832	2883.2	1	1
2.71288	leaf-2	0	4	LastDelay	0.0028832	2883.2	1	1
2.71288	leaf-2	0	4	FullDelay	0.0028832	2883.2	1	1
2.72288	leaf-3	0	3	LastDelay	0.0028832	2883.2	1	1
2.72288	leaf-3	0	3	FullDelay	0.0028832	2883.2	1	1
2.73288	leaf-4	0	2	LastDelay	0.0028832	2883.2	1	1
2.73288	leaf-4	0	2	FullDelay	0.0028832	2883.2	1	1
2.80288	leaf-1	0	2	LastDelay	0.0028832	2883.2	1	1
2.80288	leaf-1	0	2	FullDelay	0.0028832	2883.2	1	1
2.81288	leaf-2	0	24	LastDelay	0.0028832	2883.2	1	1
2.81288	leaf-2	0	24	FullDelay	0.0028832	2883.2	1	1
2.82288	leaf-3	0	1	LastDelay	0.0028832	2883.2	1	1
2.82288	leaf-3	0	1	FullDelay	0.0028832	2883.2	1	1
2.83288	leaf-4	0	18	LastDelay	0.0028832	2883.2	1	1
2.83288	leaf-4	0	18	FullDelay	0.0028832	2883.2	1	1
2.90288	leaf-1	0	2	LastDelay	0.0028832	2883.2	1	1
2.90288	leaf-1	0	2	FullDelay	0.0028832	2883.2	1	1
2.91288	leaf-2	0	12	LastDelay	0.0028832	2883.2	1	1
2.91288	leaf-2	0	12	FullDelay	0.0028832	2883.2	1	1
2.92288	leaf-3	0	2	LastDelay	0.0028832	2883.2	1	1
2.92288	leaf-3	0	2	FullDelay	0.0028832	2883.2	1	1
2.93288	leaf-4	0	3	LastDelay	0.0028832	2883.2	1	1
2.93288	leaf-4	0	3	FullDelay	0.0028832	2883.2	1	1
3.00288	leaf-1	0	1	LastDelay	0.0028832	2883.2	1	1
3.00288	leaf-1	0	1	FullDelay	0.0028832	2883.2	1	1
3.01288	leaf-2	0	12	LastDelay	0.0028832	2883.2	1	1
3.01288	leaf-2	0	12	FullDelay	0.0028832	2883.2	1	1
3.02288	leaf-3	0	20	LastDelay	0.0028832	2883.2	1	1
3.02288	leaf-3	0	20	FullDelay	0.0028832	2883.2	1	1
3.03288	leaf-4	0	4	LastDelay	0.0028832	2883.2	1	1
3.03288	leaf-4	0	4	FullDelay	0.0028832	2883.2	1	1
3.10288	leaf-1	0	1	LastDelay	0.0028832	2883.2	1	1
3.10288	leaf-1	0	1	FullDelay	0.0028832	2883.2	1	1
3.11288	leaf-2	0	7	LastDelay	0.0028832	2883.2	1	1
3.11288	leaf-2	0	7	FullDelay	0.0028832	2883.2	1	1
3.12288	leaf-3	0	23	LastDelay	0.0028832	2883.2	1	1
3.12288	leaf-3	0	23	FullDelay	0.0028832	2883.2	1	1
3.13577	leaf-4	0	10	LastDelay	0.0057664	5766.4	1	2
3.13577	leaf-4	0	10	FullDelay	0.0057664	5766.4	1	2
3.20288	leaf-1	0	1	LastDelay	0.0028832	2883.2	1	1
3.20288	leaf-1	0	1	FullDelay	0.0028832	2883.2	1	1
3.21288	leaf-2	0	17	LastDelay	0.0028832	2883.2	1	1
3.21288	leaf-2	0	17	FullDelay	0.0028832	2883.2	1	1
3.22577	leaf-3	0	22	LastDelay	0.0057664	5766.4	1	2
3.22577	leaf-3	0	22	FullDelay	0.0057664	5766.4	1	2
3.23288	leaf-4	0	29	LastDelay	0.0028832	2883.2	1	1
3.23288	leaf-4	0	29	FullDelay	0.0028832	2883.2	1	1
3.30288	leaf-1	0	2	LastDelay	0.0028832	2883.2	1	1
3.30288	leaf-1	0	2	FullDelay	0.0028832	2883.2	1	1
3.31288	leaf-2	0	23	LastDelay	0.0028832	2883.2	1	1
3.31288	leaf-2	0	23	FullDelay	0.0028832	2883.2	1	1
3.32288	leaf-3	0	2	LastDelay	0.0028832	2883.2	1	1
3.32288	leaf-3	0	2	FullDelay	0.0028832	2883.2	1	1
3.33288	leaf-4	0	3	LastDelay	0.0028832	2883.2	1	1
3.33288	leaf-4	0	3	FullDelay	0.0028832	2883.2	1	1
3.40577	leaf-1	0	15	LastDelay	0.0057664	5766.4	1	2
3.40577	leaf-1	0	15	FullDelay	0.0057664	5766.4	1	2
3.41577	leaf-2	0	28	LastDelay	0.0057664	5766.4	1	2
3.41577	leaf-2	0	28	FullDelay	0.0057664	5766.4	1	2
3.42288	leaf-3	0	28	LastDelay	0.0028832	2883.2	1	1
3.42288	leaf-3	0	28	FullDelay	0.0028832	2883.2	1	1
3.43288	leaf-4	0	3	LastDelay	0.0028832	2883.2	1	1
3.43288	leaf-4	0	3	FullDelay	0.0028832	2883.2	1	1
3.50288	leaf-1	0	1	LastDelay	0.0028832	2883.2	1	1
3.50288	leaf-1	0	1	FullDelay	0.0028832	2883.2	1	1
3.51288	leaf-2	0	13	LastDelay	0.0028832	2883.2	1	1
3.51288	leaf-2	0	13	FullDelay	0.0028832	2883.2	1	1
3.52288	leaf-3	0	17	LastDelay	0.0028832	2883.2	1	1
3.52288	leaf-3	0	17	FullDelay	0.0028832	2883.2	1	1
3.53288	leaf-4	0	11	LastDelay	0.0028832	2883.2	1	1
3.53288	leaf-4	0	11	FullDelay	0.0028832	2883.2	1	1
3.60288	leaf-1	0	26	LastDelay	0.0028832	2883.2	1	1
3.60288	leaf-1	0	26	FullDelay	0.0028832	2883.2	1	1
3.61288	leaf-2	0	3	LastDelay	0.0028832	2883.2	1	1
3.61288	leaf-2	0	3	FullDelay	0.0028832	2883.2	1	1
3.62577	leaf-3	0	15	LastDelay	0.0057664	5766.4	1	2
3.62577	leaf-3	0	15	FullDelay	0.0057664	5766.4	1	2
3.63288	leaf-4	0	17	LastDelay	0.0028832	2883.2	1	1
3.63288	leaf-4	0	17	FullDelay	0.0028832	2883.2	1	1
3.70288	leaf-1	0	7	LastDelay	0.0028832	2883.2	1	1
3.70288	leaf-1	0	7	FullDelay	0.0028832	2883.2	1	1
3.71288	leaf-2	0	2	LastDelay	0.0028832	2883.2	1	1
3.71288	leaf-2	0	2	FullDelay	0.0028832	2883.2	1	1
3.72288	leaf-3	0	11	LastDelay	0.0028832	2883.2	1	1
3.72288	leaf-3	0	11	FullDelay	0.0028832	2883.2	1	1
3.73288	leaf-4	0	15	LastDelay	0.0028832	2883.2	1	1
3.73288	leaf-4	0	15	FullDelay	0.0028832	2883.2	1	1
3.80288	leaf-1	0	1	LastDelay	0.0028832	2883.2	1	1
3.80288	leaf-1	0	1	FullDelay	0.0028832	2883.2	1	1
3.81288	leaf-2	0	2	LastDelay	0.0028832	2883.2	1	1
3.81288	leaf-2	0	2	FullDelay	0.0028832	2883.2	1	1
3.82288	leaf-3	0	2	LastDelay	0.0028832	2883.2	1	1
3.82288	leaf-3	0	2	FullDelay	0.0028832	2883.2	1	1
3.83288	leaf-4	0	2	LastDelay	0.0028832	2883.2	1	1
3.83288	leaf-4	0	2	FullDelay	0.0028832	2883.2	1	1
3.90288	leaf-1	0	2	LastDelay	0.0028832	2883.2	1	1
3.90288	leaf-1	0	2	FullDelay	0.0028832	2883.2	1	1
3.91288	leaf-2	0	5	LastDelay	0.0028832	2883.2	1	1
3.91288	leaf-2	0	5	FullDelay	0.0028832	2883.2	1	1
3.92577	leaf-3	0	9	LastDelay	0.0057664	5766.4	1	2
3.92577	leaf-3	0	9	FullDelay	0.0057664	5766.4	1	2
3.93288	leaf-4	0	1	LastDelay	0.0028832	2883.2	1	1
3.93288	leaf-4	0	1	FullDelay	0.0028832	2883.2	1	1
4.00288	leaf-1	0	27	LastDelay	0.0028832	2883.2	1	1
4.00288	leaf-1	0	27	FullDelay	0.0028832	2883.2	1	1
4.01288	leaf-2	0	1	LastDelay	0.0028832	2883.2	1	1
4.01288	leaf-2	0	1	FullDelay	0.0028832	2883.2	1	1
4.02288	leaf-3	0	7	LastDelay	0.0028832	2883.2	1	1
4.02288	leaf-3	0	7	FullDelay	0.0028832	2883.2	1	1
4.03288	leaf-4	0	8	LastDelay	0.0028832	2883.2	1	1
4.03288	leaf-4	0	8	FullDelay	0.0028832	2883.2	1	1
4.10288	leaf-1	0	23	LastDelay	0.0028832	2883.2	1	1
4.10288	leaf-1	0	23	FullDelay	0.0028832	2883.2	1	1
4.11288	leaf-2	0	7	LastDelay	0.0028832	2883.2	1	1
4.11288	leaf-2	0	7	FullDelay	0.0028832	2883.2	1	1
4.12288	leaf-3	0	3	LastDelay	0.0028832	2883.2	1	1
4.12288	leaf-3	0	3	FullDelay	0.0028832	2883.2	1	1
4.13288	leaf-4	0	26	LastDelay	0.0028832	2883.2	1	1
4.13288	leaf-4	0	26	FullDelay	0.0028832	2883.2	1	1
4.20288	leaf-1	0	15	LastDelay	0.0028832	2883.2	1	1
4.20288	leaf-1	0	15	FullDelay	0.0028832	2883.2	1	1
4.21288	leaf-2	0	6	LastDelay	0.0028832	2883.2	1	1
4.21288	leaf-2	0	6	FullDelay	0.0028832	2883.2	1	1
4.22288	leaf-3	0	1	LastDelay	0.0028832	2883.2	1	1
4.22288	leaf-3	0	1	FullDelay	0.0028832	2883.2	1	1
4.23288	leaf-4	0	2	LastDelay	0.0028832	2883.2	1	1
4.23288	leaf-4	0	2	FullDelay	0.0028832	2883.2	1	1
4.30288	leaf-1	0	6	LastDelay	0.0028832	2883.2	1	1
4.30288	leaf-1	0	6	FullDelay	0.0028832	2883.2	1	1
4.31288	leaf-2	0	24	LastDelay	0.0028832	2883.2	1	1
4.31288	leaf-2	0	24	FullDelay	0.0028832	2883.2	1	1
4.32288	leaf-3	0	2	LastDelay	0.0028832	2883.2	1	1
4.32288	leaf-3	0	2	FullDelay	0.0028832	2883.2	1	1
4.33288	leaf-4	0	14	LastDelay	0.0028832	2883.2	1	1
4.33288	leaf-4	0	14	FullDelay	0.0028832	2883.2	1	1
4.40288	leaf-1	0	20	LastDelay	0.0028832	2883.2	1	1
4.40288	leaf-1	0	20	FullDelay	0.0028832	2883.2	1	1
4.41288	leaf-2	0	2	LastDelay	0.0028832	2883.2	1	1
4.41288	leaf-2	0	2	FullDelay	0.0028832	2883.2	1	1
4.42577	leaf-3	0	5	LastDelay	0.0057664	5766.4	1	2
4.42577	leaf-3	0	5	FullDelay	0.0057664	5766.4	1	2
4.43288	leaf-4	0	7	LastDelay	0.0028832	2883.2	1	1
4.43288	leaf-4	0	7	FullDelay	0.0028832	2883.2	1	1
4.50288	leaf-1	0	2	LastDelay	0.0028832	2883.2	1	1
4.50288	leaf-1	0	2	FullDelay	0.0028832	2883.2	1	1
4.51288	leaf-2	0	20	LastDelay	0.0028832	2883.2	1	1
4.51288	leaf-2	0	20	FullDelay	0.0028832	2883.2	1	1
4.52577	leaf-3	0	16	LastDelay	0.0057664	5766.4	1	2
4.52577	leaf-3	0	16	FullDelay	0.0057664	5766.4	1	2
4.53288	leaf-4	0	7	LastDelay	0.0028832	2883.2	1	1
4.53288	leaf-4	0	7	FullDelay	0.0028832	2883.2	1	1
4.60288	leaf-1	0	1	LastDelay	0.0028832	2883.2	1	1
4.60288	leaf-1	0	1	FullDelay	0.0028832	2883.2	1	1
4.61288	leaf-2	0	2	LastDelay	0.0028832	2883.2	1	1
4.61288	leaf-2	0	2	FullDelay	0.0028832	2883.2	1	1
4.62288	leaf-3	0	3	LastDelay	0.0028832	2883.2	1	1
4.62288	leaf-3	0	3	FullDelay	0.0028832	2883.2	1	1
4.63288	leaf-4	0	1	LastDelay	0.0028832	2883.2	1	1
4.63288	leaf-4	0	1	FullDelay	0.0028832	2883.2	1	1
4.70288	leaf-1	0	25	LastDelay	0.0028832	2883.2	1	1
4.70288	leaf-1	0	25	FullDelay	0.0028832	2883.2	1	1
4.71288	leaf-2	0	3	LastDelay	0.0028832	2883.2	1	1
4.71288	leaf-2	0	3	FullDelay	0.0028832	2883.2	1	1
4.72288	leaf-3	0	3	LastDelay	0.0028832	2883.2	1	1
4.72288	leaf-3	0	3	FullDelay	0.0028832	2883.2	1	1
4.73288	leaf-4	0	13	LastDelay	0.0028832	2883.2	1	1
4.73288	leaf-4	0	13	FullDelay	0.0028832	2883.2	1	1
4.80288	leaf-1	0	12	LastDelay	0.0028832	2883.2	1	1
4.80288	leaf-1	0	12	FullDelay	0.0028832	2883.2	1	1
4.81288	leaf-2	0	9	LastDelay	0.0028832	2883.2	1	1
4.81288	leaf-2	0	9	FullDelay	0.0028832	2883.2	1	1
4.82288	leaf-3	0	3	LastDelay	0.0028832	2883.2	1	1
4.82288	leaf-3	0	3	FullDelay	0.0028832	2883.2	1	1
4.83288	leaf-4	0	1	LastDelay	0.0028832	2883.2	1	1
4.83288	leaf-4	0	1	FullDelay	0.0028832	2883.2	1	1
4.90288	leaf-1	0	1	LastDelay	0.0028832	2883.2	1	1
4.90288	leaf-1	0	1	FullDelay	0.0028832	2883.2	1	1
4.91288	leaf-2	0	28	LastDelay	0.0028832	2883.2	1	1
4.91288	leaf-2	0	28	FullDelay	0.0028832	2883.2	1	1
4.92288	leaf-3	0	7	LastDelay	0.0028832	2883.2	1	1
4.92288	leaf-3	0	7	FullDelay	0.0028832	2883.2	1	1
4.93288	leaf-4	0	2	LastDelay	0.0028832	2883.2	1	1
4.93288	leaf-4	0	2	FullDelay	0.0028832	2883.2	1	1
5.00288	leaf-1	0	3	LastDelay	0.0028832	2883.2	1	1
5.00288	leaf-1	0	3	FullDelay	0.0028832	2883.2	1	1
5.01288	leaf-2	0	8	LastDelay	0.0028832	2883.2	1	1
5.01288	leaf-2	0	8	FullDelay	0.0028832	2883.2	1	1
5.02288	leaf-3	0	10	LastDelay	0.0028832	2883.2	1	1
5.02288	leaf-3	0	10	FullDelay	0.0028832	2883.2	1	1
5.03288	leaf-4	0	13	LastDelay	0.0028832	2883.2	1	1
5.03288	leaf-4	0	13	FullDelay	0.0028832	2883.2	1	1
5.10288	leaf-1	0	12	LastDelay	0.0028832	2883.2	1	1
5.10288	leaf-1	0	12	FullDelay	0.0028832	2883.2	1	1
5.11288	leaf-2	0	15	LastDelay	0.0028832	2883.2	1	1
5.11288	leaf-2	0	15	FullDelay	0.0028832	2883.2	1	1
5.12288	leaf-3	0	16	LastDelay	0.0028832	2883.2	1	1
5.12288	leaf-3	0	16	FullDelay	0.0028832	2883.2	1	1
5.13288	leaf-4	0	11	LastDelay	0.0028832	2883.2	1	1
5.13288	leaf-4	0	11	FullDelay	0.0028832	2883.2	1	1
5.20288	leaf-1	0	2	LastDelay	0.0028832	2883.2	1	1
5.20288	leaf-1	0	2	FullDelay	0.0028832	2883.2	1	1
5.21288	leaf-2	0	2	LastDelay	0.0028832	2883.2	1	1
5.21288	leaf-2	0	2	FullDelay	0.0028832	2883.2	1	1
5.22288	leaf-3	0	5	LastDelay	0.0028832	2883.2	1	1
5.22288	leaf-3	0	5	FullDelay	0.0028832	2883.2	1	1
5.23288	leaf-4	0	10	LastDelay	0.0028832	2883.2	1	1
5.23288	leaf-4	0	10	FullDelay	0.0028832	2883.2	1	1
5.30288	leaf-1	0	2	LastDelay	0.0028832	2883.2	1	1
5.30288	leaf-1	0	2	FullDelay	0.0028832	2883.2	1	1
5.31288	leaf-2	0	6	LastDelay	0.0028832	2883.2	1	1
5.31288	leaf-2	0	6	FullDelay	0.0028832	2883.2	1	1
5.32288	leaf-3	0	23	LastDelay	0.0028832	2883.2	1	1
5.32288	leaf-3	0	23	FullDelay	0.0028832	2883.2	1	1
5.33288	leaf-4	0	21	LastDelay	0.0028832	2883.2	1	1
5.33288	leaf-4	0	21	FullDelay	0.0028832	2883.2	1	1
5.40288	leaf-1	0	10	LastDelay	0.0028832	2883.2	1	1
5.40288	leaf-1	0	10	FullDelay	0.0028832	2883.2	1	1
5.41577	leaf-2	0	29	LastDelay	0.0057664	5766.4	1	2
5.41577	leaf-2	0	29	FullDelay	0.0057664	5766.4	1	2
5.42288	leaf-3	0	4	LastDelay	0.0028832	2883.2	1	1
5.42288	leaf-3	0	4	FullDelay	0.0028832	2883.2	1	1
5.43288	leaf-4	0	17	LastDelay	0.0028832	2883.2	1	1
5.43288	leaf-4	0	17	FullDelay	0.0028832	2883.2	1	1
5.50288	leaf-1	0	7	LastDelay	0.0028832	2883.2	1	1
5.50288	leaf-1	0	7	FullDelay	0.0028832	2883.2	1	1
5.51288	leaf-2	0	29	LastDelay	0.0028832	2883.2	1	1
5.51288	leaf-2	0	29	FullDelay	0.0028832	2883.2	1	1
5.52288	leaf-3	0	11	LastDelay	0.0028832	2883.2	1	1
5.52288	leaf-3	0	11	FullDelay	0.0028832	2883.2	1	1
5.53288	leaf-4	0	11	LastDelay	0.0028832	2883.2	1	1
5.53288	leaf-4	0	11	FullDelay	0.0028832	2883.2	1	1
5.60288	leaf-1	0	17	LastDelay	0.0028832	2883.2	1	1
5.60288	leaf-1	0	17	FullDelay	0.0028832	2883.2	1	1
5.61288	leaf-2	0	3	LastDelay	0.0028832	2883.2	1	1
5.61288	leaf-2	0	3	FullDelay	0.0028832	2883.2	1	1
5.62288	leaf-3	0	1	LastDelay	0.0028832	2883.2	1	1
5.62288	leaf-3	0	1	FullDelay	0.0028832	2883.2	1	1
5.63288	leaf-4	0	29	LastDelay	0.0028832	2883.2	1	1
5.63288	leaf-4	0	29	FullDelay	0.0028832	2883.2	1	1
5.70288	leaf-1	0	6	LastDelay	0.0028832	2883.2	1	1
5.70288	leaf-1	0	6	FullDelay	0.0028832	2883.2	1	1
5.71288	leaf-2	0	17	LastDelay	0.0028832	2883.2	1	1
5.71288	leaf-2	0	17	FullDelay	0.0028832	2883.2	1	1
5.72288	leaf-3	0	3	LastDelay	0.0028832	2883.2	1	1
5.72288	leaf-3	0	3	FullDelay	0.0028832	2883.2	1	1
5.73288	leaf-4	0	2	LastDelay	0.0028832	2883.2	1	1
5.73288	leaf-4	0	2	FullDelay	0.0028832	2883.2	1	1
5.80288	leaf-1	0	14	LastDelay	0.0028832	2883.2	1	1
5.80288	leaf-1	0	14	FullDelay	0.0028832	2883.2	1	1
5.81288	leaf-2	0	7	LastDelay	0.0028832	2883.2	1	1
5.81288	leaf-2	0	7	FullDelay	0.0028832	2883.2	1	1
5.82288	leaf-3	0	7	LastDelay	0.0028832	2883.2	1	1
5.82288	leaf-3	0	7	FullDelay	0.0028832	2883.2	1	1
5.83288	leaf-4	0	17	LastDelay	0.0028832	2883.2	1	1
5.83288	leaf-4	0	17	FullDelay	0.0028832	2883.2	1	1
5.90288	leaf-1	0	14	LastDelay	0.0028832	2883.2	1	1
5.90288	leaf-1	0	14	FullDelay	0.0028832	2883.2	1	1
5.91288	leaf-2	0	8	LastDelay	0.0028832	2883.2	1	1
5.91288	leaf-2	0	8	FullDelay	0.0028832	2883.2	1	1
5.92577	leaf-3	0	24	LastDelay	0.0057664	5766.4	1	2
5.92577	leaf-3	0	24	FullDelay	0.0057664	5766.4	1	2
5.93288	leaf-4	0	12	LastDelay	0.0028832	2883.2	1	1
5.93288	leaf-4	0	12	FullDelay	0.0028832	2883.2	1	1
6.00288	leaf-1	0	4	LastDelay	0.0028832	2883.2	1	1
6.00288	leaf-1	0	4	FullDelay	0.0028832	2883.2	1	1
6.01288	leaf-2	0	28	LastDelay	0.0028832	2883.2	1	1
6.01288	leaf-2	0	28	FullDelay	0.0028832	2883.2	1	1
6.02288	leaf-3	0	1	LastDelay	0.0028832	2883.2	1	1
6.02288	leaf-3	0	1	FullDelay	0.0028832	2883.2	1	1
6.03288	leaf-4	0	7	LastDelay	0.0028832	2883.2	1	1
6.03288	leaf-4	0	7	FullDelay	0.0028832	2883.2	1	1
6.10288	leaf-1	0	17	LastDelay	0.0028832	2883.2	1	1
6.10288	leaf-1	0	17	FullDelay	0.0028832	2883.2	1	1
6.11288	leaf-2	0	8	LastDelay	0.0028832	2883.2	1	1
6.11288	leaf-2	0	8	FullDelay	0.0028832	2883.2	1	1
6.12288	leaf-3	0	6	LastDelay	0.0028832	2883.2	1	1
6.12288	leaf-3	0	6	FullDelay	0.0028832	2883.2	1	1
6.13288	leaf-4	0	23	LastDelay	0.0028832	2883.2	1	1
6.13288	leaf-4	0	23	FullDelay	0.0028832	2883.2	1	1
6.20577	leaf-1	0	18	LastDelay	0.0057664	5766.4	1	2
6.20577	leaf-1	0	18	FullDelay	0.0057664	5766.4	1	2
6.21288	leaf-2	0	8	LastDelay	0.0028832	2883.2	1	1
6.21288	leaf-2	0	8	FullDelay	0.0028832	2883.2	1	1
6.22288	leaf-3	0	15	LastDelay	0.0028832	2883.2	1	1
6.22288	leaf-3	0	15	FullDelay	0.0028832	2883.2	1	1
6.23288	leaf-4	0	11	LastDelay	0.0028832	2883.2	1	1
6.23288	leaf-4	0	11	FullDelay	0.0028832	2883.2	1	1
6.30288	leaf-1	0	4	LastDelay	0.0028832	2883.2	1	1
6.30288	leaf-1	0	4	FullDelay	0.0028832	2883.2	1	1
6.31288	leaf-2	0	12	LastDelay	0.0028832	2883.2	1	1
6.31288	leaf-2	0	12	FullDelay	0.0028832	2883.2	1	1
6.32288	leaf-3	0	9	LastDelay	0.0028832	2883.2	1	1
6.32288	leaf-3	0	9	FullDelay	0.0028832	2883.2	1	1
6.33288	leaf-4	0	3	LastDelay	0.0028832	2883.2	1	1
6.33288	leaf-4	0	3	FullDelay	0.0028832	2883.2	1	1
6.40288	leaf-1	0	15	LastDelay	0.0028832	2883.2	1	1
6.40288	leaf-1	0	15	FullDelay	0.0028832	2883.2	1	1
6.41288	leaf-2	0	2	LastDelay	0.0028832	2883.2	1	1
6.41288	leaf-2	0	2	FullDelay	0.0028832	2883.2	1	1
6.42288	leaf-3	0	1	LastDelay	0.0028832	2883.2	1	1
6.42288	leaf-3	0	1	FullDelay	0.0028832	2883.2	1	1
6.43288	leaf-4	0	2	LastDelay	0.0028832	2883.2	1	1
6.43288	leaf-4	0	2	FullDelay	0.0028832	2883.2	1	1
6.50288	leaf-1	0	13	LastDelay	0.0028832	2883.2	1	1
6.50288	leaf-1	0	13	FullDelay	0.0028832	2883.2	1	1
6.51288	leaf-2	0	6	LastDelay	0.0028832	2883.2	1	1
6.51288	leaf-2	0	6	FullDelay	0.0028832	2883.2	1	1
6.52288	leaf-3	0	16	LastDelay	0.0028832	2883.2	1	1
6.52288	leaf-3	0	16	FullDelay	0.0028832	2883.2	1	1
6.53288	leaf-4	0	6	LastDelay	0.0028832	2883.2	1	1
6.53288	leaf-4	0	6	FullDelay	0.0028832	2883.2	1	1
6.60288	leaf-1	0	5	LastDelay	0.0028832	2883.2	1	1
6.60288	leaf-1	0	5	FullDelay	0.0028832	2883.2	1	1
6.61288	leaf-2	0	26	LastDelay	0.0028832	2883.2	1	1
6.61288	leaf-2	0	26	FullDelay	0.0028832	2883.2	1	1
6.62288	leaf-3	0	5	LastDelay	0.0028832	2883.2	1	1
6.62288	leaf-3	0	5	FullDelay	0.0028832	2883.2	1	1
6.63288	leaf-4	0	1	LastDelay	0.0028832	2883.2	1	1
6.63288	leaf-4	0	1	FullDelay	0.0028832	2883.2	1	1
6.70288	leaf-1	0	13	LastDelay	0.0028832	2883.2	1	1
6.70288	leaf-1	0	13	FullDelay	0.0028832	2883.2	1	1
6.71288	leaf-2	0	10	LastDelay	0.0028832	2883.2	1	1
6.71288	leaf-2	0	10	FullDelay	0.0028832	2883.2	1	1
6.72288	leaf-3	0	8	LastDelay	0.0028832	2883.2	1	1
6.72288	leaf-3	0	8	FullDelay	0.0028832	2883.2	1	1
6.73288	leaf-4	0	21	LastDelay	0.0028832	2883.2	1	1
6.73288	leaf-4	0	21	FullDelay	0.0028832	2883.2	1	1
6.80577	leaf-1	0	16	LastDelay	0.0057664	5766.4	1	2
6.80577	leaf-1	0	16	FullDelay	0.0057664	5766.4	1	2
6.81288	leaf-2	0	10	LastDelay	0.0028832	2883.2	1	1
6.81288	leaf-2	0	10	FullDelay	0.0028832	2883.2	1	1
6.82288	leaf-3	0	2	LastDelay	0.0028832	2883.2	1	1
6.82288	leaf-3	0	2	FullDelay	0.0028832	2883.2	1	1
6.83288	leaf-4	0	19	LastDelay	0.0028832	2883.2	1	1
6.83288	leaf-4	0	19	FullDelay	0.0028832	2883.2	1	1
6.90288	leaf-1	0	10	LastDelay	0.0028832	2883.2	1	1
6.90288	leaf-1	0	10	FullDelay	0.0028832	2883.2	1	1
6.91288	leaf-2	0	7	LastDelay	0.0028832	2883.2	1	1
6.91288	leaf-2	0	7	FullDelay	0.0028832	2883.2	1	1
6.92288	leaf-3	0	2	LastDelay	0.0028832	2883.2	1	1
6.92288	leaf-3	0	2	FullDelay	0.0028832	2883.2	1	1
6.93577	leaf-4	0	30	LastDelay	0.0057664	5766.4	1	2
6.93577	leaf-4	0	30	FullDelay	0.0057664	5766.4	1	2
7.00288	leaf-1	0	7	LastDelay	0.0028832	2883.2	1	1
7.00288	leaf-1	0	7	FullDelay	0.0028832	2883.2	1	1
7.01288	leaf-2	0	12	LastDelay	0.0028832	2883.2	1	1
7.01288	leaf-2	0	12	FullDelay	0.0028832	2883.2	1	1
7.02288	leaf-3	0	21	LastDelay	0.0028832	2883.2	1	1
7.02288	leaf-3	0	21	FullDelay	0.0028832	2883.2	1	1
7.03577	leaf-4	0	25	LastDelay	0.0057664	5766.4	1	2
7.03577	leaf-4	0	25	FullDelay	0.0057664	5766.4	1	2
7.10288	leaf-1	0	1	LastDelay	0.0028832	2883.2	1	1
7.10288	leaf-1	0	1	FullDelay	0.0028832	2883.2	1	1
7.11288	leaf-2	0	14	LastDelay	0.0028832	2883.2	1	1
7.11288	leaf-2	0	14	FullDelay	0.0028832	2883.2	1	1
7.12288	leaf-3	0	2	LastDelay	0.0028832	2883.2	1	1
7.12288	leaf-3	0	2	FullDelay	0.0028832	2883.2	1	1
7.13288	leaf-4	0	29	LastDelay	0.0028832	2883.2	1	1
7.13288	leaf-4	0	29	FullDelay	0.0028832	2883.2	1	1
7.20288	leaf-1	0	3	LastDelay	0.0028832	2883.2	1	1
7.20288	leaf-1	0	3	FullDelay	0.0028832	2883.2	1	1
7.21288	leaf-2	0	8	LastDelay	0.0028832	2883.2	1	1
7.21288	leaf-2	0	8	FullDelay	0.0028832	2883.2	1	1
7.22288	leaf-3	0	13	LastDelay	0.0028832	2883.2	1	1
7.22288	leaf-3	0	13	FullDelay	0.0028832	2883.2	1	1
7.23288	leaf-4	0	1	LastDelay	0.0028832	2883.2	1	1
7.23288	leaf-4	0	1	FullDelay	0.0028832	2883.2	1	1
7.30288	leaf-1	0	16	LastDelay	0.0028832	2883.2	1	1
7.30288	leaf-1	0	16	FullDelay	0.0028832	2883.2	1	1
7.31288	leaf-2	0	14	LastDelay	0.0028832	2883.2	1	1
7.31288	leaf-2	0	14	FullDelay	0.0028832	2883.2	1	1
7.32288	leaf-3	0	8	LastDelay	0.0028832	2883.2	1	1
7.32288	leaf-3	0	8	FullDelay	0.0028832	2883.2	1	1
7.33288	leaf-4	0	7	LastDelay	0.0028832	2883.2	1	1
7.33288	leaf-4	0	7	FullDelay	0.0028832	2883.2	1	1
7.40288	leaf-1	0	15	LastDelay	0.0028832	2883.2	1	1
7.40288	leaf-1	0	15	FullDelay	0.0028832	2883.2	1	1
7.41288	leaf-2	0	3	LastDelay	0.0028832	2883.2	1	1
7.41288	leaf-2	0	3	FullDelay	0.0028832	2883.2	1	1
7.42288	leaf-3	0	1	LastDelay	0.0028832	2883.2	1	1
7.42288	leaf-3	0	1	FullDelay	0.0028832	2883.2	1	1
7.43288	leaf-4	0	18	LastDelay	0.0028832	2883.2	1	1
7.43288	leaf-4	0	18	FullDelay	0.0028832	2883.2	1	1
7.50288	leaf-1	0	8	LastDelay	0.0028832	2883.2	1	1
7.50288	leaf-1	0	8	FullDelay	0.0028832	2883.2	1	1
7.51288	leaf-2	0	17	LastDelay	0.0028832	2883.2	1	1
7.51288	leaf-2	0	17	FullDelay	0.0028832	2883.2	1	1
7.52288	leaf-3	0	11	LastDelay	0.0028832	2883.2	1	1
7.52288	leaf-3	0	11	FullDelay	0.0028832	2883.2	1	1
7.53288	leaf-4	0	16	LastDelay	0.0028832	2883.2	1	1
7.53288	leaf-4	0	16	FullDelay	0.0028832	2883.2	1	1
7.60288	leaf-1	0	21	LastDelay	0.0028832	2883.2	1	1
7.60288	leaf-1	0	21	FullDelay	0.0028832	2883.2	1	1
7.61288	leaf-2	0	5	LastDelay	0.0028832	2883.2	1	1
7.61288	leaf-2	0	5	FullDelay	0.0028832	2883.2	1	1
7.62288	leaf-3	0	2	LastDelay	0.0028832	2883.2	1	1
7.62288	leaf-3	0	2	FullDelay	0.0028832	2883.2	1	1
7.63288	leaf-4	0	24	LastDelay	0.0028832	2883.2	1	1
7.63288	leaf-4	0	24	FullDelay	0.0028832	2883.2	1	1
7.70288	leaf-1	0	28	LastDelay	0.0028832	2883.2	1	1
7.70288	leaf-1	0	28	FullDelay	0.0028832	2883.2	1	1
7.71288	leaf-2	0	8	LastDelay	0.0028832	2883.2	1	1
7.71288	leaf-2	0	8	FullDelay	0.0028832	2883.2	1	1
7.72288	leaf-3	0	27	LastDelay	0.0028832	2883.2	1	1
7.72288	leaf-3	0	27	FullDelay	0.0028832	2883.2	1	1
7.73288	leaf-4	0	8	LastDelay	0.0028832	2883.2	1	1
7.73288	leaf-4	0	8	FullDelay	0.0028832	2883.2	1	1
7.80288	leaf-1	0	2	LastDelay	0.0028832	2883.2	1	1
7.80288	leaf-1	0	2	FullDelay	0.0028832	2883.2	1	1
7.81288	leaf-2	0	14	LastDelay	0.0028832	2883.2	1	1
7.81288	leaf-2	0	14	FullDelay	0.0028832	2883.2	1	1
7.82288	leaf-3	0	23	LastDelay	0.0028832	2883.2	1	1
7.82288	leaf-3	0	23	FullDelay	0.0028832	2883.2	1	1
7.83288	leaf-4	0	2	LastDelay	0.0028832	2883.2	1	1
7.83288	leaf-4	0	2	FullDelay	0.0028832	2883.2	1	1
7.90288	leaf-1	0	4	LastDelay	0.0028832	2883.2	1	1
7.90288	leaf-1	0	4	FullDelay	0.0028832	2883.2	1	1
7.91288	leaf-2	0	7	LastDelay	0.0028832	2883.2	1	1
7.91288	leaf-2	0	7	FullDelay	0.0028832	2883.2	1	1
7.92288	leaf-3	0	1	LastDelay	0.0028832	2883.2	1	1
7.92288	leaf-3	0	1	FullDelay	0.0028832	2883.2	1	1
7.93288	leaf-4	0	4	LastDelay	0.0028832	2883.2	1	1
7.93288	leaf-4	0	4	FullDelay	0.0028832	2883.2	1	1
8.00288	leaf-1	0	4	LastDelay	0.0028832	2883.2	1	1
8.00288	leaf-1	0	4	FullDelay	0.0028832	2883.2	1	1
8.01288	leaf-2	0	8	LastDelay	0.0028832	2883.2	1	1
8.01288	leaf-2	0	8	FullDelay	0.0028832	2883.2	1	1
8.02288	leaf-3	0	25	LastDelay	0.0028832	2883.2	1	1
8.02288	leaf-3	0	25	FullDelay	0.0028832	2883.2	1	1
8.03288	leaf-4	0	1	LastDelay	0.0028832	2883.2	1	1
8.03288	leaf-4	0	1	FullDelay	0.0028832	2883.2	1	1
8.10288	leaf-1	0	7	LastDelay	0.0028832	2883.2	1	1
8.10288	leaf-1	0	7	FullDelay	0.0028832	2883.2	1	1
8.11288	leaf-2	0	14	LastDelay	0.0028832	2883.2	1	1
8.11288	leaf-2	0	14	FullDelay	0.0028832	2883.2	1	1
8.12288	leaf-3	0	13	LastDelay	0.0028832	2883.2	1	1
8.12288	leaf-3	0	13	FullDelay	0.0028832	2883.2	1	1
8.13288	leaf-4	0	5	LastDelay	0.0028832	2883.2	1	1
8.13288	leaf-4	0	5	FullDelay	0.0028832	2883.2	1	1
8.20288	leaf-1	0	3	LastDelay	0.0028832	2883.2	1	1
8.20288	leaf-1	0	3	FullDelay	0.0028832	2883.2	1	1
8.21288	leaf-2	0	29	LastDelay	0.0028832	2883.2	1	1
8.21288	leaf-2	0	29	FullDelay	0.0028832	2883.2	1	1
8.22288	leaf-3	0	30	LastDelay	0.0028832	2883.2	1	1
8.22288	leaf-3	0	30	FullDelay	0.0028832	2883.2	1	1
8.23288	leaf-4	0	20	LastDelay	0.0028832	2883.2	1	1
8.23288	leaf-4	0	20	FullDelay	0.0028832	2883.2	1	1
8.30288	leaf-1	0	7	LastDelay	0.0028832	2883.2	1	1
8.30288	leaf-1	0	7	FullDelay	0.0028832	2883.2	1	1
8.31288	leaf-2	0	1	LastDelay	0.0028832	2883.2	1	1
8.31288	leaf-2	0	1	FullDelay	0.0028832	2883.2	1	1
8.32288	leaf-3	0	28	LastDelay	0.0028832	2883.2	1	1
8.32288	leaf-3	0	28	FullDelay	0.0028832	2883.2	1	1
8.33288	leaf-4	0	1	LastDelay	0.0028832	2883.2	1	1
8.33288	leaf-4	0	1	FullDelay	0.0028832	2883.2	1	1
8.40288	leaf-1	0	6	LastDelay	0.0028832	2883.2	1	1
8.40288	leaf-1	0	6	FullDelay	0.0028832	2883.2	1	1
8.41288	leaf-2	0	5	LastDelay	0.0028832	2883.2	1	1
8.41288	leaf-2	0	5	FullDelay	0.0028832	2883.2	1	1
8.42288	leaf-3	0	4	LastDelay	0.0028832	2883.2	1	1
8.42288	leaf-3	0	4	FullDelay	0.0028832	2883.2	1	1
8.43288	leaf-4	0	2	LastDelay	0.0028832	2883.2	1	1
8.43288	leaf-4	0	2	FullDelay	0.0028832	2883.2	1	1
8.50288	leaf-1	0	13	LastDelay	0.0028832	2883.2	1	1
8.50288	leaf-1	0	13	FullDelay	0.0028832	2883.2	1	1
8.51288	leaf-2	0	8	LastDelay	0.0028832	2883.2	1	1
8.51288	leaf-2	0	8	FullDelay	0.0028832	2883.2	1	1
8.52288	leaf-3	0	1	LastDelay	0.0028832	2883.2	1	1
8.52288	leaf-3	0	1	FullDelay	0.0028832	2883.2	1	1
8.53288	leaf-4	0	15	LastDelay	0.0028832	2883.2	1	1
8.53288	leaf-4	0	15	FullDelay	0.0028832	2883.2	1	1
8.60288	leaf-1	0	21	LastDelay	0.0028832	2883.2	1	1
8.60288	leaf-1	0	21	FullDelay	0.0028832	2883.2	1	1
8.61288	leaf-2	0	1	LastDelay	0.0028832	2883.2	1	1
8.61288	leaf-2	0	1	FullDelay	0.0028832	2883.2	1	1
8.62288	leaf-3	0	24	LastDelay	0.0028832	2883.2	1	1
8.62288	leaf-3	0	24	FullDelay	0.0028832	2883.2	1	1
8.63288	leaf-4	0	7	LastDelay	0.0028832	2883.2	1	1
8.63288	leaf-4	0	7	FullDelay	0.0028832	2883.2	1	1
8.70288	leaf-1	0	1	LastDelay	0.0028832	2883.2	1	1
8.70288	leaf-1	0	1	FullDelay	0.0028832	2883.2	1	1
8.71288	leaf-2	0	10	LastDelay	0.0028832	2883.2	1	1
8.71288	leaf-2	0	10	FullDelay	0.0028832	2883.2	1	1
8.72288	leaf-3	0	7	LastDelay	0.0028832	2883.2	1	1
8.72288	leaf-3	0	7	FullDelay	0.0028832	2883.2	1	1
8.73288	leaf-4	0	1	LastDelay	0.0028832	2883.2	1	1
8.73288	leaf-4	0	1	FullDelay	0.0028832	2883.2	1	1
8.80577	leaf-1	0	19	LastDelay	0.0057664	5766.4	1	2
8.80577	leaf-1	0	19	FullDelay	0.0057664	5766.4	1	2
8.81288	leaf-2	0	3	LastDelay	0.0028832	2883.2	1	1
8.81288	leaf-2	0	3	FullDelay	0.0028832	2883.2	1	1
8.82288	leaf-3	0	1	LastDelay	0.0028832	2883.2	1	1
8.82288	leaf-3	0	1	FullDelay	0.0028832	2883.2	1	1
8.83288	leaf-4	0	20	LastDelay	0.0028832	2883.2	1	1
8.83288	leaf-4	0	20	FullDelay	0.0028832	2883.2	1	1
8.90288	leaf-1	0	8	LastDelay	0.0028832	2883.2	1	1
8.90288	leaf-1	0	8	FullDelay	0.0028832	2883.2	1	1
8.91288	leaf-2	0	3	LastDelay	0.0028832	2883.2	1	1
8.91288	leaf-2	0	3	FullDelay	0.0028832	2883.2	1	1
8.92288	leaf-3	0	20	LastDelay	0.0028832	2883.2	1	1
8.92288	leaf-3	0	20	FullDelay	0.0028832	2883.2	1	1
8.93288	leaf-4	0	1	LastDelay	0.0028832	2883.2	1	1
8.93288	leaf-4	0	1	FullDelay	0.0028832	2883.2	1	1
9.00288	leaf-1	0	5	LastDelay	0.0028832	2883.2	1	1
9.00288	leaf-1	0	5	FullDelay	0.0028832	2883.2	1	1
9.01288	leaf-2	0	7	LastDelay	0.0028832	2883.2	1	1
9.01288	leaf-2	0	7	FullDelay	0.0028832	2883.2	1	1
9.02288	leaf-3	0	7	LastDelay	0.0028832	2883.2	1	1
9.02288	leaf-3	0	7	FullDelay	0.0028832	2883.2	1	1
9.03288	leaf-4	0	1	LastDelay	0.0028832	2883.2	1	1
9.03288	leaf-4	0	1	FullDelay	0.0028832	2883.2	1	1
9.10288	leaf-1	0	22	LastDelay	0.0028832	2883.2	1	1
9.10288	leaf-1	0	22	FullDelay	0.0028832	2883.2	1	1
9.11288	leaf-2	0	13	LastDelay	0.0028832	2883.2	1	1
9.11288	leaf-2	0	13	FullDelay	0.0028832	2883.2	1	1
9.12288	leaf-3	0	8	LastDelay	0.0028832	2883.2	1	1
9.12288	leaf-3	0	8	FullDelay	0.0028832	2883.2	1	1
9.13288	leaf-4	0	6	LastDelay	0.0028832	2883.2	1	1
9.13288	leaf-4	0	6	FullDelay	0.0028832	2883.2	1	1
9.20288	leaf-1	0	16	LastDelay	0.0028832	2883.2	1	1
9.20288	leaf-1	0	16	FullDelay	0.0028832	2883.2	1	1
9.21288	leaf-2	0	8	LastDelay	0.0028832	2883.2	1	1
9.21288	leaf-2	0	8	FullDelay	0.0028832	2883.2	1	1
9.22288	leaf-3	0	2	LastDelay	0.0028832	2883.2	1	1
9.22288	leaf-3	0	2	FullDelay	0.0028832	2883.2	1	1
9.23288	leaf-4	0	28	LastDelay	0.0028832	2883.2	1	1
9.23288	leaf-4	0	28	FullDelay	0.0028832	2883.2	1	1
9.30288	leaf-1	0	3	LastDelay	0.0028832	2883.2	1	1
9.30288	leaf-1	0	3	FullDelay	0.0028832	2883.2	1	1
9.31288	leaf-2	0	26	LastDelay	0.0028832	2883.2	1	1
9.31288	leaf-2	0	26	FullDelay	0.0028832	2883.2	1	1
9.32288	leaf-3	0	9	LastDelay	0.0028832	2883.2	1	1
9.32288	leaf-3	0	9	FullDelay	0.0028832	2883.2	1	1
9.33288	leaf-4	0	26	LastDelay	0.0028832	2883.2	1	1
9.33288	leaf-4	0	26	FullDelay	0.0028832	2883.2	1	1
9.40288	leaf-1	0	3	LastDelay	0.0028832	2883.2	1	1
9.40288	leaf-1	0	3	FullDelay	0.0028832	2883.2	1	1
9.41288	leaf-2	0	15	LastDelay	0.0028832	2883.2	1	1
9.41288	leaf-2	0	15	FullDelay	0.0028832	2883.2	1	1
9.42288	leaf-3	0	6	LastDelay	0.0028832	2883.2	1	1
9.42288	leaf-3	0	6	FullDelay	0.0028832	2883.2	1	1
9.43288	leaf-4	0	1	LastDelay	0.0028832	2883.2	1	1
9.43288	leaf-4	0	1	FullDelay	0.0028832	2883.2	1	1
9.50288	leaf-1	0	3	LastDelay	0.0028832	2883.2	1	1
9.50288	leaf-1	0	3	FullDelay	0.0028832	2883.2	1	1
9.51288	leaf-2	0	16	LastDelay	0.0028832	2883.2	1	1
9.51288	leaf-2	0	16	FullDelay	0.0028832	2883.2	1	1
9.52288	leaf-3	0	7	LastDelay	0.0028832	2883.2	1	1
9.52288	leaf-3	0	7	FullDelay	0.0028832	2883.2	1	1
9.53288	leaf-4	0	16	LastDelay	0.0028832	2883.2	1	1
9.53288	leaf-4	0	16	FullDelay	0.0028832	2883.2	1	1
9.60288	leaf-1	0	18	LastDelay	0.0028832	2883.2	1	1
9.60288	leaf-1	0	18	FullDelay	0.0028832	2883.2	1	1
9.61288	leaf-2	0	4	LastDelay	0.0028832	2883.2	1	1
9.61288	leaf-2	0	4	FullDelay	0.0028832	2883.2	1	1
9.62288	leaf-3	0	3	LastDelay	0.0028832	2883.2	1	1
9.62288	leaf-3	0	3	FullDelay	0.0028832	2883.2	1	1
9.63288	leaf-4	0	6	LastDelay	0.0028832	2883.2	1	1
9.63288	leaf-4	0	6	FullDelay	0.0028832	2883.2	1	1
9.70288	leaf-1	0	10	LastDelay	0.0028832	2883.2	1	1
9.70288	leaf-1	0	10	FullDelay	0.0028832	2883.2	1	1
9.71288	leaf-2	0	22	LastDelay	0.0028832	2883.2	1	1
9.71288	leaf-2	0	22	FullDelay	0.0028832	2883.2	1	1
9.72288	leaf-3	0	20	LastDelay	0.0028832	2883.2	1	1
9.72288	leaf-3	0	20	FullDelay	0.0028832	2883.2	1	1
9.73288	leaf-4	0	1	LastDelay	0.0028832	2883.2	1	1
9.73288	leaf-4	0	1	FullDelay	0.0028832	2883.2	1	1
9.80288	leaf-1	0	9	LastDelay	0.0028832	2883.2	1	1
9.80288	leaf-1	0	9	FullDelay	0.0028832	2883.2	1	1
9.81288	leaf-2	0	12	LastDelay	0.0028832	2883.2	1	1
9.81288	leaf-2	0	12	FullDelay	0.0028832	2883.2	1	1
9.82288	leaf-3	0	26	LastDelay	0.0028832	2883.2	1	1
9.82288	leaf-3	0	26	FullDelay	0.0028832	2883.2	1	1
9.83288	leaf-4	0	7	LastDelay	0.0028832	2883.2	1	1
9.83288	leaf-4	0	7	FullDelay	0.0028832	2883.2	1	1
9.90288	leaf-1	0	9	LastDelay	0.0028832	2883.2	1	1
9.90288	leaf-1	0	9	FullDelay	0.0028832	2883.2	1	1
9.91288	leaf-2	0	20	LastDelay	0.0028832	2883.2	1	1
9.91288	leaf-2	0	20	FullDelay	0.0028832	2883.2	1	1
9.92288	leaf-3	0	7	LastDelay	0.0028832	2883.2	1	1
9.92288	leaf-3	0	7	FullDelay	0.0028832	2883.2	1	1
9.93288	leaf-4	0	17	LastDelay	0.0028832	2883.2	1	1
9.93288	leaf-4	0	17	FullDelay	0.0028832	2883.2	1	1
10.0029	leaf-1	0	18	LastDelay	0.0028832	2883.2	1	1
10.0029	leaf-1	0	18	FullDelay	0.0028832	2883.2	1	1
10.0129	leaf-2	0	2	LastDelay	0.0028832	2883.2	1	1
10.0129	leaf-2	0	2	FullDelay	0.0028832	2883.2	1	1
10.0229	leaf-3	0	2	LastDelay	0.0028832	2883.2	1	1
10.0229	leaf-3	0	2	FullDelay	0.0028832	2883.2	1	1
10.0329	leaf-4	0	2	LastDelay	0.0028832	2883.2	1	1
10.0329	leaf-4	0	2	FullDelay	0.0028832	2883.2	1	1
10.1029	leaf-1	0	24	LastDelay	0.0028832	2883.2	1	1
10.1029	leaf-1	0	24	FullDelay	0.0028832	2883.2	1	1
10.1129	leaf-2	0	1	LastDelay	0.0028832	2883.2	1	1
10.1129	leaf-2	0	1	FullDelay	0.0028832	2883.2	1	1
10.1229	leaf-3	0	15	LastDelay	0.0028832	2883.2	1	1
10.1229	leaf-3	0	15	FullDelay	0.0028832	2883.2	1	1
10.1329	leaf-4	0	7	LastDelay	0.0028832	2883.2	1	1
10.1329	leaf-4	0	7	FullDelay	0.0028832	2883.2	1	1
10.2029	leaf-1	0	3	LastDelay	0.0028832	2883.2	1	1
10.2029	leaf-1	0	3	FullDelay	0.0028832	2883.2	1	1
10.2129	leaf-2	0	23	LastDelay	0.0028832	2883.2	1	1
10.2129	leaf-2	0	23	FullDelay	0.0028832	2883.2	1	1
10.2229	leaf-3	0	19	LastDelay	0.0028832	2883.2	1	1
10.2229	leaf-3	0	19	FullDelay	0.0028832	2883.2	1	1
10.2329	leaf-4	0	2	LastDelay	0.0028832	2883.2	1	1
10.2329	leaf-4	0	2	FullDelay	0.0028832	2883.2	1	1
10.3029	leaf-1	0	4	LastDelay	0.0028832	2883.2	1	1
10.3029	leaf-1	0	4	FullDelay	0.0028832	2883.2	1	1
10.3129	leaf-2	0	10	LastDelay	0.0028832	2883.2	1	1
10.3129	leaf-2	0	10	FullDelay	0.0028832	2883.2	1	1
10.3229	leaf-3	0	1	LastDelay	0.0028832	2883.2	1	1
10.3229	leaf-3	0	1	FullDelay	0.0028832	2883.2	1	1
10.3329	leaf-4	0	2	LastDelay	0.0028832	2883.2	1	1
10.3329	leaf-4	0	2	FullDelay	0.0028832	2883.2	1	1
10.4029	leaf-1	0	14	LastDelay	0.0028832	2883.2	1	1
10.4029	leaf-1	0	14	FullDelay	0.0028832	2883.2	1	1
10.4129	leaf-2	0	2	LastDelay	0.0028832	2883.2	1	1
10.4129	leaf-2	0	2	FullDelay	0.0028832	2883.2	1	1
10.4229	leaf-3	0	5	LastDelay	0.0028832	2883.2	1	1
10.4229	leaf-3	0	5	FullDelay	0.0028832	2883.2	1	1
10.4329	leaf-4	0	4	LastDelay	0.0028832	2883.2	1	1
10.4329	leaf-4	0	4	FullDelay	0.0028832	2883.2	1	1
10.5029	leaf-1	0	26	LastDelay	0.0028832	2883.2	1	1
10.5029	leaf-1	0	26	FullDelay	0.0028832	2883.2	1	1
10.5129	leaf-2	0	26	LastDelay	0.0028832	2883.2	1	1
10.5129	leaf-2	0	26	FullDelay	0.0028832	2883.2	1	1
10.5229	leaf-3	0	8	LastDelay	0.0028832	2883.2	1	1
10.5229	leaf-3	0	8	FullDelay	0.0028832	2883.2	1	1
10.5329	leaf-4	0	1	LastDelay	0.0028832	2883.2	1	1
10.5329	leaf-4	0	1	FullDelay	0.0028832	2883.2	1	1
10.6029	leaf-1	0	24	LastDelay	0.0028832	2883.2	1	1
10.6029	leaf-1	0	24	FullDelay	0.0028832	2883.2	1	1
10.6129	leaf-2	0	1	LastDelay	0.0028832	2883.2	1	1
10.6129	leaf-2	0	1	FullDelay	0.0028832	2883.2	1	1
10.6229	leaf-3	0	2	LastDelay	0.0028832	2883.2	1	1
10.6229	leaf-3	0	2	FullDelay	0.0028832	2883.2	1	1
10.6329	leaf-4	0	18	LastDelay	0.0028832	2883.2	1	1
10.6329	leaf-4	0	18	FullDelay	0.0028832	2883.2	1	1
10.7029	leaf-1	0	1	LastDelay	0.0028832	2883.2	1	1
10.7029	leaf-1	0	1	FullDelay	0.0028832	2883.2	1	1
10.7129	leaf-2	0	12	LastDelay	0.0028832	2883.2	1	1
10.7129	leaf-2	0	12	FullDelay	0.0028832	2883.2	1	1
10.7229	leaf-3	0	1	LastDelay	0.0028832	2883.2	1	1
10.7229	leaf-3	0	1	FullDelay	0.0028832	2883.2	1	1
10.7329	leaf-4	0	29	LastDelay	0.0028832	2883.2	1	1
10.7329	leaf-4	0	29	FullDelay	0.0028832	2883.2	1	1
10.8029	leaf-1	0	16	LastDelay	0.0028832	2883.2	1	1
10.8029	leaf-1	0	16	FullDelay	0.0028832	2883.2	1	1
10.8129	leaf-2	0	21	LastDelay	0.0028832	2883.2	1	1
10.8129	leaf-2	0	21	FullDelay	0.0028832	2883.2	1	1
10.8229	leaf-3	0	2	LastDelay	0.0028832	2883.2	1	1
10.8229	leaf-3	0	2	FullDelay	0.0028832	2883.2	1	1
10.8329	leaf-4	0	2	LastDelay	0.0028832	2883.2	1	1
10.8329	leaf-4	0	2	FullDelay	0.0028832	2883.2	1	1
10.9029	leaf-1	0	5	LastDelay	0.0028832	2883.2	1	1
10.9029	leaf-1	0	5	FullDelay	0.0028832	2883.2	1	1
10.9129	leaf-2	0	7	LastDelay	0.0028832	2883.2	1	1
10.9129	leaf-2	0	7	FullDelay	0.0028832	2883.2	1	1
10.9229	leaf-3	0	17	LastDelay	0.0028832	2883.2	1	1
10.9229	leaf-3	0	17	FullDelay	0.0028832	2883.2	1	1
10.9329	leaf-4	0	13	LastDelay	0.0028832	2883.2	1	1
10.9329	leaf-4	0	13	FullDelay	0.0028832	2883.2	1	1
11.0029	leaf-1	0	8	LastDelay	0.0028832	2883.2	1	1
11.0029	leaf-1	0	8	FullDelay	0.0028832	2883.2	1	1
11.0129	leaf-2	0	2	LastDelay	0.0028832	2883.2	1	1
11.0129	leaf-2	0	2	FullDelay	0.0028832	2883.2	1	1
11.0229	leaf-3	0	7	LastDelay	0.0028832	2883.2	1	1
11.0229	leaf-3	0	7	FullDelay	0.0028832	2883.2	1	1
11.0329	leaf-4	0	8	LastDelay	0.0028832	2883.2	1	1
11.0329	leaf-4	0	8	FullDelay	0.0028832	2883.2	1	1
11.1029	leaf-1	0	3	LastDelay	0.0028832	2883.2	1	1
11.1029	leaf-1	0	3	FullDelay	0.0028832	2883.2	1	1
11.1129	leaf-2	0	2	LastDelay	0.0028832	2883.2	1	1
11.1129	leaf-2	0	2	FullDelay	0.0028832	2883.2	1	1
11.1229	leaf-3	0	8	LastDelay	0.0028832	2883.2	1	1
11.1229	leaf-3	0	8	FullDelay	0.0028832	2883.2	1	1
11.1329	leaf-4	0	6	LastDelay	0.0028832	2883.2	1	1
11.1329	leaf-4	0	6	FullDelay	0.0028832	2883.2	1	1
11.2029	leaf-1	0	3	LastDelay	0.0028832	2883.2	1	1
11.2029	leaf-1	0	3	FullDelay	0.0028832	2883.2	1	1
11.2129	leaf-2	0	26	LastDelay	0.0028832	2883.2	1	1
11.2129	leaf-2	0	26	FullDelay	0.0028832	2883.2	1	1
11.2229	leaf-3	0	8	LastDelay	0.0028832	2883.2	1	1
11.2229	leaf-3	0	8	FullDelay	0.0028832	2883.2	1	1
11.2329	leaf-4	0	5	LastDelay	0.0028832	2883.2	1	1
11.2329	leaf-4	0	5	FullDelay	0.0028832	2883.2	1	1
11.3029	leaf-1	0	10	LastDelay	0.0028832	2883.2	1	1
11.3029	leaf-1	0	10	FullDelay	0.0028832	2883.2	1	1
11.3129	leaf-2	0	21	LastDelay	0.0028832	2883.2	1	1
11.3129	leaf-2	0	21	FullDelay	0.0028832	2883.2	1	1
11.3229	leaf-3	0	7	LastDelay	0.0028832	2883.2	1	1
11.3229	leaf-3	0	7	FullDelay	0.0028832	2883.2	1	1
11.3329	leaf-4	0	10	LastDelay	0.0028832	2883.2	1	1
11.3329	leaf-4	0	10	FullDelay	0.0028832	2883.2	1	1
11.4029	leaf-1	0	24	LastDelay	0.0028832	2883.2	1	1
11.4029	leaf-1	0	24	FullDelay	0.0028832	2883.2	1	1
11.4129	leaf-2	0	10	LastDelay	0.0028832	2883.2	1	1
11.4129	leaf-2	0	10	FullDelay	0.0028832	2883.2	1	1
11.4229	leaf-3	0	12	LastDelay	0.0028832	2883.2	1	1
11.4229	leaf-3	0	12	FullDelay	0.0028832	2883.2	1	1
11.4329	leaf-4	0	29	LastDelay	0.0028832	2883.2	1	1
11.4329	leaf-4	0	29	FullDelay	0.0028832	2883.2	1	1
11.5029	leaf-1	0	10	LastDelay	0.0028832	2883.2	1	1
11.5029	leaf-1	0	10	FullDelay	0.0028832	2883.2	1	1
11.5129	leaf-2	0	3	LastDelay	0.0028832	2883.2	1	1
11.5129	leaf-2	0	3	FullDelay	0.0028832	2883.2	1	1
11.5229	leaf-3	0	2	LastDelay	0.0028832	2883.2	1	1
11.5229	leaf-3	0	2	FullDelay	0.0028832	2883.2	1	1
11.5329	leaf-4	0	28	LastDelay	0.0028832	2883.2	1	1
11.5329	leaf-4	0	28	FullDelay	0.0028832	2883.2	1	1
11.6029	leaf-1	0	1	LastDelay	0.0028832	2883.2	1	1
11.6029	leaf-1	0	1	FullDelay	0.0028832	2883.2	1	1
11.6129	leaf-2	0	18	LastDelay	0.0028832	2883.2	1	1
11.6129	leaf-2	0	18	FullDelay	0.0028832	2883.2	1	1
11.6229	leaf-3	0	8	LastDelay	0.0028832	2883.2	1	1
11.6229	leaf-3	0	8	FullDelay	0.0028832	2883.2	1	1
11.6329	leaf-4	0	24	LastDelay	0.0028832	2883.2	1	1
11.6329	leaf-4	0	24	FullDelay	0.0028832	2883.2	1	1
11.7029	leaf-1	0	3	LastDelay	0.0028832	2883.2	1	1
11.7029	leaf-1	0	3	FullDelay	0.0028832	2883.2	1	1
11.7129	leaf-2	0	6	LastDelay	0.0028832	2883.2	1	1
11.7129	leaf-2	0	6	FullDelay	0.0028832	2883.2	1	1
11.7229	leaf-3	0	6	LastDelay	0.0028832	2883.2	1	1
11.7229	leaf-3	0	6	FullDelay	0.0028832	2883.2	1	1
11.7329	leaf-4	0	7	LastDelay	0.0028832	2883.2	1	1
11.7329	leaf-4	0	7	FullDelay	0.0028832	2883.2	1	1
11.8029	leaf-1	0	6	LastDelay	0.0028832	2883.2	1	1
11.8029	leaf-1	0	6	FullDelay	0.0028832	2883.2	1	1
11.8129	leaf-2	0	1	LastDelay	0.0028832	2883.2	1	1
11.8129	leaf-2	0	1	FullDelay	0.0028832	2883.2	1	1
11.8229	leaf-3	0	25	LastDelay	0.0028832	2883.2	1	1
11.8229	leaf-3	0	25	FullDelay	0.0028832	2883.2	1	1
11.8329	leaf-4	0	8	LastDelay	0.0028832	2883.2	1	1
11.8329	leaf-4	0	8	FullDelay	0.0028832	2883.2	1	1
11.9029	leaf-1	0	4	LastDelay	0.0028832	2883.2	1	1
11.9029	leaf-1	0	4	FullDelay	0.0028832	2883.2	1	1
11.9129	leaf-2	0	3	LastDelay	0.0028832	2883.2	1	1
11.9129	leaf-2	0	3	FullDelay	0.0028832	2883.2	1	1
11.9229	leaf-3	0	9	LastDelay	0.0028832	2883.2	1	1
11.9229	leaf-3	0	9	FullDelay	0.0028832	2883.2	1	1
11.9329	leaf-4	0	2	LastDelay	0.0028832	2883.2	1	1
11.9329	leaf-4	0	2	FullDelay	0.0028832	2883.2	1	1
12.0029	leaf-1	0	27	LastDelay	0.0028832	2883.2	1	1
12.0029	leaf-1	0	27	FullDelay	0.0028832	2883.2	1	1
12.0129	leaf-2	0	7	LastDelay	0.0028832	2883.2	1	1
12.0129	leaf-2	0	7	FullDelay	0.0028832	2883.2	1	1
12.0229	leaf-3	0	18	LastDelay	0.0028832	2883.2	1	1
12.0229	leaf-3	0	18	FullDelay	0.0028832	2883.2	1	1
12.0329	leaf-4	0	3	LastDelay	0.0028832	2883.2	1	1
12.0329	leaf-4	0	3	FullDelay	0.0028832	2883.2	1	1
12.1029	leaf-1	0	2	LastDelay	0.0028832	2883.2	1	1
12.1029	leaf-1	0	2	FullDelay	0.0028832	2883.2	1	1
12.1129	leaf-2	0	28	LastDelay	0.0028832	2883.2	1	1
12.1129	leaf-2	0	28	FullDelay	0.0028832	2883.2	1	1
12.1229	leaf-3	0	5	LastDelay	0.0028832	2883.2	1	1
12.1229	leaf-3	0	5	FullDelay	0.0028832	2883.2	1	1
12.1329	leaf-4	0	1	LastDelay	0.0028832	2883.2	1	1
12.1329	leaf-4	0	1	FullDelay	0.0028832	2883.2	1	1
12.2029	leaf-1	0	3	LastDelay	0.0028832	2883.2	1	1
12.2029	leaf-1	0	3	FullDelay	0.0028832	2883.2	1	1
12.2129	leaf-2	0	9	LastDelay	0.0028832	2883.2	1	1
12.2129	leaf-2	0	9	FullDelay	0.0028832	2883.2	1	1
12.2229	leaf-3	0	30	LastDelay	0.0028832	2883.2	1	1
12.2229	leaf-3	0	30	FullDelay	0.0028832	2883.2	1	1
12.2329	leaf-4	0	14	LastDelay	0.0028832	2883.2	1	1
12.2329	leaf-4	0	14	FullDelay	0.0028832	2883.2	1	1
12.3029	leaf-1	0	15	LastDelay	0.0028832	2883.2	1	1
12.3029	leaf-1	0	15	FullDelay	0.0028832	2883.2	1	1
12.3129	leaf-2	0	27	LastDelay	0.0028832	2883.2	1	1
12.3129	leaf-2	0	27	FullDelay	0.0028832	2883.2	1	1
12.3229	leaf-3	0	2	LastDelay	0.0028832	2883.2	1	1
12.3229	leaf-3	0	2	FullDelay	0.0028832	2883.2	1	1
12.3329	leaf-4	0	4	LastDelay	0.0028832	2883.2	1	1
12.3329	leaf-4	0	4	FullDelay	0.0028832	2883.2	1	1
12.4029	leaf-1	0	2	LastDelay	0.0028832	2883.2	1	1
12.4029	leaf-1	0	2	FullDelay	0.0028832	2883.2	1	1
12.4129	leaf-2	0	3	LastDelay	0.0028832	2883.2	1	1
12.4129	leaf-2	0	3	FullDelay	0.0028832	2883.2	1	1
12.4229	leaf-3	0	8	LastDelay	0.0028832	2883.2	1	1
12.4229	leaf-3	0	8	FullDelay	0.0028832	2883.2	1	1
12.4329	leaf-4	0	23	LastDelay	0.0028832	2883.2	1	1
12.4329	leaf-4	0	23	FullDelay	0.0028832	2883.2	1	1
12.5029	leaf-1	0	10	LastDelay	0.0028832	2883.2	1	1
12.5029	leaf-1	0	10	FullDelay	0.0028832	2883.2	1	1
12.5129	leaf-2	0	26	LastDelay	0.0028832	2883.2	1	1
12.5129	leaf-2	0	26	FullDelay	0.0028832	2883.2	1	1
12.5229	leaf-3	0	7	LastDelay	0.0028832	2883.2	1	1
12.5229	leaf-3	0	7	FullDelay	0.0028832	2883.2	1	1
12.5329	leaf-4	0	1	LastDelay	0.0028832	2883.2	1	1
12.5329	leaf-4	0	1	FullDelay	0.0028832	2883.2	1	1
12.6029	leaf-1	0	17	LastDelay	0.0028832	2883.2	1	1
12.6029	leaf-1	0	17	FullDelay	0.0028832	2883.2	1	1
12.6129	leaf-2	0	4	LastDelay	0.0028832	2883.2	1	1
12.6129	leaf-2	0	4	FullDelay	0.0028832	2883.2	1	1
12.6229	leaf-3	0	7	LastDelay	0.0028832	2883.2	1	1
12.6229	leaf-3	0	7	FullDelay	0.0028832	2883.2	1	1
12.6329	leaf-4	0	1	LastDelay	0.0028832	2883.2	1	1
12.6329	leaf-4	0	1	FullDelay	0.0028832	2883.2	1	1
12.7029	leaf-1	0	19	LastDelay	0.0028832	2883.2	1	1
12.7029	leaf-1	0	19	FullDelay	0.0028832	2883.2	1	1
12.7129	leaf-2	0	1	LastDelay	0.0028832	2883.2	1	1
12.7129	leaf-2	0	1	FullDelay	0.0028832	2883.2	1	1
12.7229	leaf-3	0	1	LastDelay	0.0028832	2883.2	1	1
12.7229	leaf-3	0	1	FullDelay	0.0028832	2883.2	1	1
12.7329	leaf-4	0	19	LastDelay	0.0028832	2883.2	1	1
12.7329	leaf-4	0	19	FullDelay	0.0028832	2883.2	1	1
12.8029	leaf-1	0	6	LastDelay	0.0028832	2883.2	1	1
12.8029	leaf-1	0	6	FullDelay	0.0028832	2883.2	1	1
12.8129	leaf-2	0	17	LastDelay	0.0028832	2883.2	1	1
12.8129	leaf-2	0	17	FullDelay	0.0028832	2883.2	1	1
12.8229	leaf-3	0	11	LastDelay	0.0028832	2883.2	1	1
12.8229	leaf-3	0	11	FullDelay	0.0028832	2883.2	1	1
12.8329	leaf-4	0	20	LastDelay	0.0028832	2883.2	1	1
12.8329	leaf-4	0	20	FullDelay	0.0028832	2883.2	1	1
12.9029	leaf-1	0	6	LastDelay	0.0028832	2883.2	1	1
12.9029	leaf-1	0	6	FullDelay	0.0028832	2883.2	1	1
12.9129	leaf-2	0	18	LastDelay	0.0028832	2883.2	1	1
12.9129	leaf-2	0	18	FullDelay	0.0028832	2883.2	1	1
12.9229	leaf-3	0	2	LastDelay	0.0028832	2883.2	1	1
12.9229	leaf-3	0	2	FullDelay	0.0028832	2883.2	1	1
12.9329	leaf-4	0	9	LastDelay	0.0028832	2883.2	1	1
12.9329	leaf-4	0	9	FullDelay	0.0028832	2883.2	1	1
13.0029	leaf-1	0	12	LastDelay	0.0028832	2883.2	1	1
13.0029	leaf-1	0	12	FullDelay	0.0028832	2883.2	1	1
13.0129	leaf-2	0	4	LastDelay	0.0028832	2883.2	1	1
13.0129	leaf-2	0	4	FullDelay	0.0028832	2883.2	1	1
13.0229	leaf-3	0	6	LastDelay	0.0028832	2883.2	1	1
13.0229	leaf-3	0	6	FullDelay	0.0028832	2883.2	1	1
13.0329	leaf-4	0	5	LastDelay	0.0028832	2883.2	1	1
13.0329	leaf-4	0	5	FullDelay	0.0028832	2883.2	1	1
13.1029	leaf-1	0	4	LastDelay	0.0028832	2883.2	1	1
13.1029	leaf-1	0	4	FullDelay	0.0028832	2883.2	1	1
13.1129	leaf-2	0	3	LastDelay	0.0028832	2883.2	1	1
13.1129	leaf-2	0	3	FullDelay	0.0028832	2883.2	1	1
13.1229	leaf-3	0	23	LastDelay	0.0028832	2883.2	1	1
13.1229	leaf-3	0	23	FullDelay	0.0028832	2883.2	1	1
13.1329	leaf-4	0	12	LastDelay	0.0028832	2883.2	1	1
13.1329	leaf-4	0	12	FullDelay	0.0028832	2883.2	1	1
13.2029	leaf-1	0	19	LastDelay	0.0028832	2883.2	1	1
13.2029	leaf-1	0	19	FullDelay	0.0028832	2883.2	1	1
13.2129	leaf-2	0	1	LastDelay	0.0028832	2883.2	1	1
13.2129	leaf-2	0	1	FullDelay	0.0028832	2883.2	1	1
13.2229	leaf-3	0	20	LastDelay	0.0028832	2883.2	1	1
13.2229	leaf-3	0	20	FullDelay	0.0028832	2883.2	1	1
13.2329	leaf-4	0	7	LastDelay	0.0028832	2883.2	1	1
13.2329	leaf-4	0	7	FullDelay	0.0028832	2883.2	1	1
13.3029	leaf-1	0	3	LastDelay	0.0028832	2883.2	1	1
13.3029	leaf-1	0	3	FullDelay	0.0028832	2883.2	1	1
13.3129	leaf-2	0	7	LastDelay	0.0028832	2883.2	1	1
13.3129	leaf-2	0	7	FullDelay	0.0028832	2883.2	1	1
13.3229	leaf-3	0	3	LastDelay	0.0028832	2883.2	1	1
13.3229	leaf-3	0	3	FullDelay	0.0028832	2883.2	1	1
13.3329	leaf-4	0	14	LastDelay	0.0028832	2883.2	1	1
13.3329	leaf-4	0	14	FullDelay	0.0028832	2883.2	1	1
13.4029	leaf-1	0	13	LastDelay	0.0028832	2883.2	1	1
13.4029	leaf-1	0	13	FullDelay	0.0028832	2883.2	1	1
13.4129	leaf-2	0	7	LastDelay	0.0028832	2883.2	1	1
13.4129	leaf-2	0	7	FullDelay	0.0028832	2883.2	1	1
13.4229	leaf-3	0	5	LastDelay	0.0028832	2883.2	1	1
13.4229	leaf-3	0	5	FullDelay	0.0028832	2883.2	1	1
13.4329	leaf-4	0	17	LastDelay	0.0028832	2883.2	1	1
13.4329	leaf-4	0	17	FullDelay	0.0028832	2883.2	1	1
13.5029	leaf-1	0	20	LastDelay	0.0028832	2883.2	1	1
13.5029	leaf-1	0	20	FullDelay	0.0028832	2883.2	1	1
13.5129	leaf-2	0	30	LastDelay	0.0028832	2883.2	1	1
13.5129	leaf-2	0	30	FullDelay	0.0028832	2883.2	1	1
13.5229	leaf-3	0	2	LastDelay	0.0028832	2883.2	1	1
13.5229	leaf-3	0	2	FullDelay	0.0028832	2883.2	1	1
13.5329	leaf-4	0	18	LastDelay	0.0028832	2883.2	1	1
13.5329	leaf-4	0	18	FullDelay	0.0028832	2883.2	1	1
13.6029	leaf-1	0	5	LastDelay	0.0028832	2883.2	1	1
13.6029	leaf-1	0	5	FullDelay	0.0028832	2883.2	1	1
13.6129	leaf-2	0	29	LastDelay	0.0028832	2883.2	1	1
13.6129	leaf-2	0	29	FullDelay	0.0028832	2883.2	1	1
13.6229	leaf-3	0	1	LastDelay	0.0028832	2883.2	1	1
13.6229	leaf-3	0	1	FullDelay	0.0028832	2883.2	1	1
13.6329	leaf-4	0	20	LastDelay	0.0028832	2883.2	1	1
13.6329	leaf-4	0	20	FullDelay	0.0028832	2883.2	1	1
13.7029	leaf-1	0	18	LastDelay	0.0028832	2883.2	1	1
13.7029	leaf-1	0	18	FullDelay	0.0028832	2883.2	1	1
13.7129	leaf-2	0	18	LastDelay	0.0028832	2883.2	1	1
13.7129	leaf-2	0	18	FullDelay	0.0028832	2883.2	1	1
13.7229	leaf-3	0	3	LastDelay	0.0028832	2883.2	1	1
13.7229	leaf-3	0	3	FullDelay	0.0028832	2883.2	1	1
13.7329	leaf-4	0	18	LastDelay	0.0028832	2883.2	1	1
13.7329	leaf-4	0	18	FullDelay	0.0028832	2883.2	1	1
13.8029	leaf-1	0	1	LastDelay	0.0028832	2883.2	1	1
13.8029	leaf-1	0	1	FullDelay	0.0028832	2883.2	1	1
13.8129	leaf-2	0	30	LastDelay	0.0028832	2883.2	1	1
13.8129	leaf-2	0	30	FullDelay	0.0028832	2883.2	1	1
13.8229	leaf-3	0	22	LastDelay	0.0028832	2883.2	1	1
13.8229	leaf-3	0	22	FullDelay	0.0028832	2883.2	1	1
13.8329	leaf-4	0	5	LastDelay	0.0028832	2883.2	1	1
13.8329	leaf-4	0	5	FullDelay	0.0028832	2883.2	1	1
13.9029	leaf-1	0	30	LastDelay	0.0028832	2883.2	1	1
13.9029	leaf-1	0	30	FullDelay	0.0028832	2883.2	1	1
13.9129	leaf-2	0	2	LastDelay	0.0028832	2883.2	1	1
13.9129	leaf-2	0	2	FullDelay	0.0028832	2883.2	1	1
13.9229	leaf-3	0	21	LastDelay	0.0028832	2883.2	1	1
13.9229	leaf-3	0	21	FullDelay	0.0028832	2883.2	1	1
13.9329	leaf-4	0	1	LastDelay	0.0028832	2883.2	1	1
13.9329	leaf-4	0	1	FullDelay	0.0028832	2883.2	1	1
14.0029	leaf-1	0	4	LastDelay	0.0028832	2883.2	1	1
14.0029	leaf-1	0	4	FullDelay	0.0028832	2883.2	1	1
14.0129	leaf-2	0	1	LastDelay	0.0028832	2883.2	1	1
14.0129	leaf-2	0	1	FullDelay	0.0028832	2883.2	1	1
14.0229	leaf-3	0	16	LastDelay	0.0028832	2883.2	1	1
14.0229	leaf-3	0	16	FullDelay	0.0028832	2883.2	1	1
14.0329	leaf-4	0	14	LastDelay	0.0028832	2883.2	1	1
14.0329	leaf-4	0	14	FullDelay	0.0028832	2883.2	1	1
14.1029	leaf-1	0	7	LastDelay	0.0028832	2883.2	1	1
14.1029	leaf-1	0	7	FullDelay	0.0028832	2883.2	1	1
14.1129	leaf-2	0	1	LastDelay	0.0028832	2883.2	1	1
14.1129	leaf-2	0	1	FullDelay	0.0028832	2883.2	1	1
14.1229	leaf-3	0	5	LastDelay	0.0028832	2883.2	1	1
14.1229	leaf-3	0	5	FullDelay	0.0028832	2883.2	1	1
14.1329	leaf-4	0	26	LastDelay	0.0028832	2883.2	1	1
14.1329	leaf-4	0	26	FullDelay	0.0028832	2883.2	1	1
14.2029	leaf-1	0	2	LastDelay	0.0028832	2883.2	1	1
14.2029	leaf-1	0	2	FullDelay	0.0028832	2883.2	1	1
14.2129	leaf-2	0	25	LastDelay	0.0028832	2883.2	1	1
14.2129	leaf-2	0	25	FullDelay	0.0028832	2883.2	1	1
14.2229	leaf-3	0	19	LastDelay	0.0028832	2883.2	1	1
14.2229	leaf-3	0	19	FullDelay	0.0028832	2883.2	1	1
14.2329	leaf-4	0	6	LastDelay	0.0028832	2883.2	1	1
14.2329	leaf-4	0	6	FullDelay	0.0028832	2883.2	1	1
14.3029	leaf-1	0	1	LastDelay	0.0028832	2883.2	1	1
14.3029	leaf-1	0	1	FullDelay	0.0028832	2883.2	1	1
14.3129	leaf-2	0	12	LastDelay	0.0028832	2883.2	1	1
14.3129	leaf-2	0	12	FullDelay	0.0028832	2883.2	1	1
14.3229	leaf-3	0	6	LastDelay	0.0028832	2883.2	1	1
14.3229	leaf-3	0	6	FullDelay	0.0028832	2883.2	1	1
14.3329	leaf-4	0	5	LastDelay	0.0028832	2883.2	1	1
14.3329	leaf-4	0	5	FullDelay	0.0028832	2883.2	1	1
14.4029	leaf-1	0	2	LastDelay	0.0028832	2883.2	1	1
14.4029	leaf-1	0	2	FullDelay	0.0028832	2883.2	1	1
14.4129	leaf-2	0	16	LastDelay	0.0028832	2883.2	1	1
14.4129	leaf-2	0	16	FullDelay	0.0028832	2883.2	1	1
14.4229	leaf-3	0	4	LastDelay	0.0028832	2883.2	1	1
14.4229	leaf-3	0	4	FullDelay	0.0028832	2883.2	1	1
14.4329	leaf-4	0	29	LastDelay	0.0028832	2883.2	1	1
14.4329	leaf-4	0	29	FullDelay	0.0028832	2883.2	1	1
14.5029	leaf-1	0	6	LastDelay	0.0028832	2883.2	1	1
14.5029	leaf-1	0	6	FullDelay	0.0028832	2883.2	1	1
14.5129	leaf-2	0	2	LastDelay	0.0028832	2883.2	1	1
14.5129	leaf-2	0	2	FullDelay	0.0028832	2883.2	1	1
14.5229	leaf-3	0	7	LastDelay	0.0028832	2883.2	1	1
14.5229	leaf-3	0	7	FullDelay	0.0028832	2883.2	1	1
14.5329	leaf-4	0	17	LastDelay	0.0028832	2883.2	1	1
14.5329	leaf-4	0	17	FullDelay	0.0028832	2883.2	1	1
14.6029	leaf-1	0	14	LastDelay	0.0028832	2883.2	1	1
14.6029	leaf-1	0	14	FullDelay	0.0028832	2883.2	1	1
14.6129	leaf-2	0	2	LastDelay	0.0028832	2883.2	1	1
14.6129	leaf-2	0	2	FullDelay	0.0028832	2883.2	1	1
14.6229	leaf-3	0	28	LastDelay	0.0028832	2883.2	1	1
14.6229	leaf-3	0	28	FullDelay	0.0028832	2883.2	1	1
14.6329	leaf-4	0	24	LastDelay	0.0028832	2883.2	1	1
14.6329	leaf-4	0	24	FullDelay	0.0028832	2883.2	1	1
14.7029	leaf-1	0	8	LastDelay	0.0028832	2883.2	1	1
14.7029	leaf-1	0	8	FullDelay	0.0028832	2883.2	1	1
14.7129	leaf-2	0	6	LastDelay	0.0028832	2883.2	1	1
14.7129	leaf-2	0	6	FullDelay	0.0028832	2883.2	1	1
14.7229	leaf-3	0	22	LastDelay	0.0028832	2883.2	1	1
14.7229	leaf-3	0	22	FullDelay	0.0028832	2883.2	1	1
14.7329	leaf-4	0	8	LastDelay	0.0028832	2883.2	1	1
14.7329	leaf-4	0	8	FullDelay	0.0028832	2883.2	1	1
14.8029	leaf-1	0	22	LastDelay	0.0028832	2883.2	1	1
14.8029	leaf-1	0	22	FullDelay	0.0028832	2883.2	1	1
14.8129	leaf-2	0	1	LastDelay	0.0028832	2883.2	1	1
14.8129	leaf-2	0	1	FullDelay	0.0028832	2883.2	1	1
14.8229	leaf-3	0	19	LastDelay	0.0028832	2883.2	1	1
14.8229	leaf-3	0	19	FullDelay	0.0028832	2883.2	1	1
14.8329	leaf-4	0	4	LastDelay	0.0028832	2883.2	1	1
14.8329	leaf-4	0	4	FullDelay	0.0028832	2883.2	1	1
14.9029	leaf-1	0	2	LastDelay	0.0028832	2883.2	1	1
14.9029	leaf-1	0	2	FullDelay	0.0028832	2883.2	1	1
14.9129	leaf-2	0	7	LastDelay	0.0028832	2883.2	1	1
14.9129	leaf-2	0	7	FullDelay	0.0028832	2883.2	1	1
14.9229	leaf-3	0	1	LastDelay	0.0028832	2883.2	1	1
14.9229	leaf-3	0	1	FullDelay	0.0028832	2883.2	1	1
14.9329	leaf-4	0	15	LastDelay	0.0028832	2883.2	1	1
14.9329	leaf-4	0	15	FullDelay	0.0028832	2883.2	1	1
15.0029	leaf-1	0	2	LastDelay	0.0028832	2883.2	1	1
15.0029	leaf-1	0	2	FullDelay	0.0028832	2883.2	1	1
15.0129	leaf-2	0	8	LastDelay	0.0028832	2883.2	1	1
15.0129	leaf-2	0	8	FullDelay	0.0028832	2883.2	1	1
15.0229	leaf-3	0	6	LastDelay	0.0028832	2883.2	1	1
15.0229	leaf-3	0	6	FullDelay	0.0028832	2883.2	1	1
15.0329	leaf-4	0	24	LastDelay	0.0028832	2883.2	1	1
15.0329	leaf-4	0	24	FullDelay	0.0028832	2883.2	1	1
15.1029	leaf-1	0	1	LastDelay	0.0028832	2883.2	1	1
15.1029	leaf-1	0	1	FullDelay	0.0028832	2883.2	1	1
15.1129	leaf-2	0	7	LastDelay	0.0028832	2883.2	1	1
15.1129	leaf-2	0	7	FullDelay	0.0028832	2883.2	1	1
15.1229	leaf-3	0	10	LastDelay	0.0028832	2883.2	1	1
15.1229	leaf-3	0	10	FullDelay	0.0028832	2883.2	1	1
15.1329	leaf-4	0	2	LastDelay	0.0028832	2883.2	1	1
15.1329	leaf-4	0	2	FullDelay	0.0028832	2883.2	1	1
15.2029	leaf-1	0	24	LastDelay	0.0028832	2883.2	1	1
15.2029	leaf-1	0	24	FullDelay	0.0028832	2883.2	1	1
15.2129	leaf-2	0	23	LastDelay	0.0028832	2883.2	1	1
15.2129	leaf-2	0	23	FullDelay	0.0028832	2883.2	1	1
15.2229	leaf-3	0	5	LastDelay	0.0028832	2883.2	1	1
15.2229	leaf-3	0	5	FullDelay	0.0028832	2883.2	1	1
15.2329	leaf-4	0	29	LastDelay	0.0028832	2883.2	1	1
15.2329	leaf-4	0	29	FullDelay	0.0028832	2883.2	1	1
15.3029	leaf-1	0	26	LastDelay	0.0028832	2883.2	1	1
15.3029	leaf-1	0	26	FullDelay	0.0028832	2883.2	1	1
15.3129	leaf-2	0	3	LastDelay	0.0028832	2883.2	1	1
15.3129	leaf-2	0	3	FullDelay	0.0028832	2883.2	1	1
15.3229	leaf-3	0	1	LastDelay	0.0028832	2883.2	1	1
15.3229	leaf-3	0	1	FullDelay	0.0028832	2883.2	1	1
15.3329	leaf-4	0	11	LastDelay	0.0028832	2883.2	1	1
15.3329	leaf-4	0	11	FullDelay	0.0028832	2883.2	1	1
15.4029	leaf-1	0	10	LastDelay	0.0028832	2883.2	1	1
15.4029	leaf-1	0	10	FullDelay	0.0028832	2883.2	1	1
15.4129	leaf-2	0	10	LastDelay	0.0028832	2883.2	1	1
15.4129	leaf-2	0	10	FullDelay	0.0028832	2883.2	1	1
15.4229	leaf-3	0	24	LastDelay	0.0028832	2883.2	1	1
15.4229	leaf-3	0	24	FullDelay	0.0028832	2883.2	1	1
15.4329	leaf-4	0	24	LastDelay	0.0028832	2883.2	1	1
15.4329	leaf-4	0	24	FullDelay	0.0028832	2883.2	1	1
15.5029	leaf-1	0	7	LastDelay	0.0028832	2883.2	1	1
15.5029	leaf-1	0	7	FullDelay	0.0028832	2883.2	1	1
15.5129	leaf-2	0	14	LastDelay	0.0028832	2883.2	1	1
15.5129	leaf-2	0	14	FullDelay	0.0028832	2883.2	1	1
15.5229	leaf-3	0	30	LastDelay	0.0028832	2883.2	1	1
15.5229	leaf-3	0	30	FullDelay	0.0028832	2883.2	1	1
15.5329	leaf-4	0	2	LastDelay	0.0028832	2883.2	1	1
15.5329	leaf-4	0	2	FullDelay	0.0028832	2883.2	1	1
15.6029	leaf-1	0	1	LastDelay	0.0028832	2883.2	1	1
15.6029	leaf-1	0	1	FullDelay	0.0028832	2883.2	1	1
15.6129	leaf-2	0	4	LastDelay	0.0028832	2883.2	1	1
15.6129	leaf-2	0	4	FullDelay	0.0028832	2883.2	1	1
15.6229	leaf-3	0	3	LastDelay	0.0028832	2883.2	1	1
15.6229	leaf-3	0	3	FullDelay	0.0028832	2883.2	1	1
15.6329	leaf-4	0	2	LastDelay	0.0028832	2883.2	1	1
15.6329	leaf-4	0	2	FullDelay	0.0028832	2883.2	1	1
15.7029	leaf-1	0	16	LastDelay	0.0028832	2883.2	1	1
15.7029	leaf-1	0	16	FullDelay	0.0028832	2883.2	1	1
15.7129	leaf-2	0	5	LastDelay	0.0028832	2883.2	1	1
15.7129	leaf-2	0	5	FullDelay	0.0028832	2883.2	1	1
15.7229	leaf-3	0	2	LastDelay	0.0028832	2883.2	1	1
15.7229	leaf-3	0	2	FullDelay	0.0028832	2883.2	1	1
15.7329	leaf-4	0	9	LastDelay	0.0028832	2883.2	1	1
15.7329	leaf-4	0	9	FullDelay	0.0028832	2883.2	1	1
15.8029	leaf-1	0	7	LastDelay	0.0028832	2883.2	1	1
15.8029	leaf-1	0	7	FullDelay	0.0028832	2883.2	1	1
15.8129	leaf-2	0	15	LastDelay	0.0028832	2883.2	1	1
15.8129	leaf-2	0	15	FullDelay	0.0028832	2883.2	1	1
15.8229	leaf-3	0	1	LastDelay	0.0028832	2883.2	1	1
15.8229	leaf-3	0	1	FullDelay	0.0028832	2883.2	1	1
15.8329	leaf-4	0	15	LastDelay	0.0028832	2883.2	1	1
15.8329	leaf-4	0	15	FullDelay	0.0028832	2883.2	1	1
15.9029	leaf-1	0	17	LastDelay	0.0028832	2883.2	1	1
15.9029	leaf-1	0	17	FullDelay	0.0028832	2883.2	1	1
15.9129	leaf-2	0	30	LastDelay	0.0028832	2883.2	1	1
15.9129	leaf-2	0	30	FullDelay	0.0028832	2883.2	1	1
15.9229	leaf-3	0	4	LastDelay	0.0028832	2883.2	1	1
15.9229	leaf-3	0	4	FullDelay	0.0028832	2883.2	1	1
15.9329	leaf-4	0	14	LastDelay	0.0028832	2883.2	1	1
15.9329	leaf-4	0	14	FullDelay	0.0028832	2883.2	1	1
16.0029	leaf-1	0	10	LastDelay	0.0028832	2883.2	1	1
16.0029	leaf-1	0	10	FullDelay	0.0028832	2883.2	1	1
16.0129	leaf-2	0	2	LastDelay	0.0028832	2883.2	1	1
16.0129	leaf-2	0	2	FullDelay	0.0028832	2883.2	1	1
16.0229	leaf-3	0	8	LastDelay	0.0028832	2883.2	1	1
16.0229	leaf-3	0	8	FullDelay	0.0028832	2883.2	1	1
16.0329	leaf-4	0	1	LastDelay	0.0028832	2883.2	1	1
16.0329	leaf-4	0	1	FullDelay	0.0028832	2883.2	1	1
16.1029	leaf-1	0	29	LastDelay	0.0028832	2883.2	1	1
16.1029	leaf-1	0	29	FullDelay	0.0028832	2883.2	1	1
16.1129	leaf-2	0	27	LastDelay	0.0028832	2883.2	1	1
16.1129	leaf-2	0	27	FullDelay	0.0028832	2883.2	1	1
16.1229	leaf-3	0	11	LastDelay	0.0028832	2883.2	1	1
16.1229	leaf-3	0	11	FullDelay	0.0028832	2883.2	1	1
16.1329	leaf-4	0	4	LastDelay	0.0028832	2883.2	1	1
16.1329	leaf-4	0	4	FullDelay	0.0028832	2883.2	1	1
16.2029	leaf-1	0	2	LastDelay	0.0028832	2883.2	1	1
16.2029	leaf-1	0	2	FullDelay	0.0028832	2883.2	1	1
16.2129	leaf-2	0	5	LastDelay	0.0028832	2883.2	1	1
16.2129	leaf-2	0	5	FullDelay	0.0028832	2883.2	1	1
16.2229	leaf-3	0	10	LastDelay	0.0028832	2883.2	1	1
16.2229	leaf-3	0	10	FullDelay	0.0028832	2883.2	1	1
16.2329	leaf-4	0	20	LastDelay	0.0028832	2883.2	1	1
16.2329	leaf-4	0	20	FullDelay	0.0028832	2883.2	1	1
16.3029	leaf-1	0	15	LastDelay	0.0028832	2883.2	1	1
16.3029	leaf-1	0	15	FullDelay	0.0028832	2883.2	1	1
16.3129	leaf-2	0	1	LastDelay	0.0028832	2883.2	1	1
16.3129	leaf-2	0	1	FullDelay	0.0028832	2883.2	1	1
16.3229	leaf-3	0	13	LastDelay	0.0028832	2883.2	1	1
16.3229	leaf-3	0	13	FullDelay	0.0028832	2883.2	1	1
16.3329	leaf-4	0	15	LastDelay	0.0028832	2883.2	1	1
16.3329	leaf-4	0	15	FullDelay	0.0028832	2883.2	1	1
16.4029	leaf-1	0	7	LastDelay	0.0028832	2883.2	1	1
16.4029	leaf-1	0	7	FullDelay	0.0028832	2883.2	1	1
16.4129	leaf-2	0	29	LastDelay	0.0028832	2883.2	1	1
16.4129	leaf-2	0	29	FullDelay	0.0028832	2883.2	1	1
16.4229	leaf-3	0	7	LastDelay	0.0028832	2883.2	1	1
16.4229	leaf-3	0	7	FullDelay	0.0028832	2883.2	1	1
16.4329	leaf-4	0	10	LastDelay	0.0028832	2883.2	1	1
16.4329	leaf-4	0	10	FullDelay	0.0028832	2883.2	1	1
16.5029	leaf-1	0	1	LastDelay	0.0028832	2883.2	1	1
16.5029	leaf-1	0	1	FullDelay	0.0028832	2883.2	1	1
16.5129	leaf-2	0	12	LastDelay	0.0028832	2883.2	1	1
16.5129	leaf-2	0	12	FullDelay	0.0028832	2883.2	1	1
16.5229	leaf-3	0	29	LastDelay	0.0028832	2883.2	1	1
16.5229	leaf-3	0	29	FullDelay	0.0028832	2883.2	1	1
16.5329	leaf-4	0	3	LastDelay	0.0028832	2883.2	1	1
16.5329	leaf-4	0	3	FullDelay	0.0028832	2883.2	1	1
16.6029	leaf-1	0	11	LastDelay	0.0028832	2883.2	1	1
16.6029	leaf-1	0	11	FullDelay	0.0028832	2883.2	1	1
16.6129	leaf-2	0	21	LastDelay	0.0028832	2883.2	1	1
16.6129	leaf-2	0	21	FullDelay	0.0028832	2883.2	1	1
16.6229	leaf-3	0	12	LastDelay	0.0028832	2883.2	1	1
16.6229	leaf-3	0	12	FullDelay	0.0028832	2883.2	1	1
16.6329	leaf-4	0	16	LastDelay	0.0028832	2883.2	1	1
16.6329	leaf-4	0	16	FullDelay	0.0028832	2883.2	1	1
16.7029	leaf-1	0	16	LastDelay	0.0028832	2883.2	1	1
16.7029	leaf-1	0	16	FullDelay	0.0028832	2883.2	1	1
16.7129	leaf-2	0	29	LastDelay	0.0028832	2883.2	1	1
16.7129	leaf-2	0	29	FullDelay	0.0028832	2883.2	1	1
16.7229	leaf-3	0	18	LastDelay	0.0028832	2883.2	1	1
16.7229	leaf-3	0	18	FullDelay	0.0028832	2883.2	1	1
16.7329	leaf-4	0	5	LastDelay	0.0028832	2883.2	1	1
16.7329	leaf-4	0	5	FullDelay	0.0028832	2883.2	1	1
16.8029	leaf-1	0	8	LastDelay	0.0028832	2883.2	1	1
16.8029	leaf-1	0	8	FullDelay	0.0028832	2883.2	1	1
16.8129	leaf-2	0	25	LastDelay	0.0028832	2883.2	1	1
16.8129	leaf-2	0	25	FullDelay	0.0028832	2883.2	1	1
16.8229	leaf-3	0	19	LastDelay	0.0028832	2883.2	1	1
16.8229	leaf-3	0	19	FullDelay	0.0028832	2883.2	1	1
16.8329	leaf-4	0	14	LastDelay	0.0028832	2883.2	1	1
16.8329	leaf-4	0	14	FullDelay	0.0028832	2883.2	1	1
16.9029	leaf-1	0	20	LastDelay	0.0028832	2883.2	1	1
16.9029	leaf-1	0	20	FullDelay	0.0028832	2883.2	1	1
16.9129	leaf-2	0	17	LastDelay	0.0028832	2883.2	1	1
16.9129	leaf-2	0	17	FullDelay	0.0028832	2883.2	1	1
16.9229	leaf-3	0	19	LastDelay	0.0028832	2883.2	1	1
16.9229	leaf-3	0	19	FullDelay	0.0028832	2883.2	1	1
16.9329	leaf-4	0	4	LastDelay	0.0028832	2883.2	1	1
16.9329	leaf-4	0	4	FullDelay	0.0028832	2883.2	1	1
17.0029	leaf-1	0	5	LastDelay	0.0028832	2883.2	1	1
17.0029	leaf-1	0	5	FullDelay	0.0028832	2883.2	1	1
17.0129	leaf-2	0	20	LastDelay	0.0028832	2883.2	1	1
17.0129	leaf-2	0	20	FullDelay	0.0028832	2883.2	1	1
17.0229	leaf-3	0	3	LastDelay	0.0028832	2883.2	1	1
17.0229	leaf-3	0	3	FullDelay	0.0028832	2883.2	1	1
17.0329	leaf-4	0	5	LastDelay	0.0028832	2883.2	1	1
17.0329	leaf-4	0	5	FullDelay	0.0028832	2883.2	1	1
17.1029	leaf-1	0	6	LastDelay	0.0028832	2883.2	1	1
17.1029	leaf-1	0	6	FullDelay	0.0028832	2883.2	1	1
17.1129	leaf-2	0	8	LastDelay	0.0028832	2883.2	1	1
17.1129	leaf-2	0	8	FullDelay	0.0028832	2883.2	1	1
17.1229	leaf-3	0	23	LastDelay	0.0028832	2883.2	1	1
17.1229	leaf-3	0	23	FullDelay	0.0028832	2883.2	1	1
17.1329	leaf-4	0	4	LastDelay	0.0028832	2883.2	1	1
17.1329	leaf-4	0	4	FullDelay	0.0028832	2883.2	1	1
17.2029	leaf-1	0	10	LastDelay	0.0028832	2883.2	1	1
17.2029	leaf-1	0	10	FullDelay	0.0028832	2883.2	1	1
17.2129	leaf-2	0	28	LastDelay	0.0028832	2883.2	1	1
17.2129	leaf-2	0	28	FullDelay	0.0028832	2883.2	1	1
17.2229	leaf-3	0	23	LastDelay	0.0028832	2883.2	1	1
17.2229	leaf-3	0	23	FullDelay	0.0028832	2883.2	1	1
17.2329	leaf-4	0	28	LastDelay	0.0028832	2883.2	1	1
17.2329	leaf-4	0	28	FullDelay	0.0028832	2883.2	1	1
17.3029	leaf-1	0	1	LastDelay	0.0028832	2883.2	1	1
17.3029	leaf-1	0	1	FullDelay	0.0028832	2883.2	1	1
17.3129	leaf-2	0	21	LastDelay	0.0028832	2883.2	1	1
17.3129	leaf-2	0	21	FullDelay	0.0028832	2883.2	1	1
17.3229	leaf-3	0	1	LastDelay	0.0028832	2883.2	1	1
17.3229	leaf-3	0	1	FullDelay	0.0028832	2883.2	1	1
17.3329	leaf-4	0	9	LastDelay	0.0028832	2883.2	1	1
17.3329	leaf-4	0	9	FullDelay	0.0028832	2883.2	1	1
17.4029	leaf-1	0	4	LastDelay	0.0028832	2883.2	1	1
17.4029	leaf-1	0	4	FullDelay	0.0028832	2883.2	1	1
17.4129	leaf-2	0	8	LastDelay	0.0028832	2883.2	1	1
17.4129	leaf-2	0	8	FullDelay	0.0028832	2883.2	1	1
17.4229	leaf-3	0	3	LastDelay	0.0028832	2883.2	1	1
17.4229	leaf-3	0	3	FullDelay	0.0028832	2883.2	1	1
17.4329	leaf-4	0	15	LastDelay	0.0028832	2883.2	1	1
17.4329	leaf-4	0	15	FullDelay	0.0028832	2883.2	1	1
17.5029	leaf-1	0	26	LastDelay	0.0028832	2883.2	1	1
17.5029	leaf-1	0	26	FullDelay	0.0028832	2883.2	1	1
17.5129	leaf-2	0	20	LastDelay	0.0028832	2883.2	1	1
17.5129	leaf-2	0	20	FullDelay	0.0028832	2883.2	1	1
17.5229	leaf-3	0	8	LastDelay	0.0028832	2883.2	1	1
17.5229	leaf-3	0	8	FullDelay	0.0028832	2883.2	1	1
17.5329	leaf-4	0	17	LastDelay	0.0028832	2883.2	1	1
17.5329	leaf-4	0	17	FullDelay	0.0028832	2883.2	1	1
17.6029	leaf-1	0	2	LastDelay	0.0028832	2883.2	1	1
17.6029	leaf-1	0	2	FullDelay	0.0028832	2883.2	1	1
17.6129	leaf-2	0	9	LastDelay	0.0028832	2883.2	1	1
17.6129	leaf-2	0	9	FullDelay	0.0028832	2883.2	1	1
17.6229	leaf-3	0	11	LastDelay	0.0028832	2883.2	1	1
17.6229	leaf-3	0	11	FullDelay	0.0028832	2883.2	1	1
17.6329	leaf-4	0	14	LastDelay	0.0028832	2883.2	1	1
17.6329	leaf-4	0	14	FullDelay	0.0028832	2883.2	1	1
17.7029	leaf-1	0	12	LastDelay	0.0028832	2883.2	1	1
17.7029	leaf-1	0	12	FullDelay	0.0028832	2883.2	1	1
17.7129	leaf-2	0	12	LastDelay	0.0028832	2883.2	1	1
17.7129	leaf-2	0	12	FullDelay	0.0028832	2883.2	1	1
17.7229	leaf-3	0	11	LastDelay	0.0028832	2883.2	1	1
17.7229	leaf-3	0	11	FullDelay	0.0028832	2883.2	1	1
17.7329	leaf-4	0	3	LastDelay	0.0028832	2883.2	1	1
17.7329	leaf-4	0	3	FullDelay	0.0028832	2883.2	1	1
17.8029	leaf-1	0	7	LastDelay	0.0028832	2883.2	1	1
17.8029	leaf-1	0	7	FullDelay	0.0028832	2883.2	1	1
17.8129	leaf-2	0	3	LastDelay	0.0028832	2883.2	1	1
17.8129	leaf-2	0	3	FullDelay	0.0028832	2883.2	1	1
17.8229	leaf-3	0	28	LastDelay	0.0028832	2883.2	1	1
17.8229	leaf-3	0	28	FullDelay	0.0028832	2883.2	1	1
17.8329	leaf-4	0	15	LastDelay	0.0028832	2883.2	1	1
17.8329	leaf-4	0	15	FullDelay	0.0028832	2883.2	1	1
17.9029	leaf-1	0	7	LastDelay	0.0028832	2883.2	1	1
17.9029	leaf-1	0	7	FullDelay	0.0028832	2883.2	1	1
17.9129	leaf-2	0	9	LastDelay	0.0028832	2883.2	1	1
17.9129	leaf-2	0	9	FullDelay	0.0028832	2883.2	1	1
17.9229	leaf-3	0	1	LastDelay	0.0028832	2883.2	1	1
17.9229	leaf-3	0	1	FullDelay	0.0028832	2883.2	1	1
17.9329	leaf-4	0	12	LastDelay	0.0028832	2883.2	1	1
17.9329	leaf-4	0	12	FullDelay	0.0028832	2883.2	1	1
18.0029	leaf-1	0	1	LastDelay	0.0028832	2883.2	1	1
18.0029	leaf-1	0	1	FullDelay	0.0028832	2883.2	1	1
18.0129	leaf-2	0	9	LastDelay	0.0028832	2883.2	1	1
18.0129	leaf-2	0	9	FullDelay	0.0028832	2883.2	1	1
18.0229	leaf-3	0	18	LastDelay	0.0028832	2883.2	1	1
18.0229	leaf-3	0	18	FullDelay	0.0028832	2883.2	1	1
18.0329	leaf-4	0	4	LastDelay	0.0028832	2883.2	1	1
18.0329	leaf-4	0	4	FullDelay	0.0028832	2883.2	1	1
18.1029	leaf-1	0	11	LastDelay	0.0028832	2883.2	1	1
18.1029	leaf-1	0	11	FullDelay	0.0028832	2883.2	1	1
18.1129	leaf-2	0	16	LastDelay	0.0028832	2883.2	1	1
18.1129	leaf-2	0	16	FullDelay	0.0028832	2883.2	1	1
18.1229	leaf-3	0	3	LastDelay	0.0028832	2883.2	1	1
18.1229	leaf-3	0	3	FullDelay	0.0028832	2883.2	1	1
18.1329	leaf-4	0	1	LastDelay	0.0028832	2883.2	1	1
18.1329	leaf-4	0	1	FullDelay	0.0028832	2883.2	1	1
18.2029	leaf-1	0	2	LastDelay	0.0028832	2883.2	1	1
18.2029	leaf-1	0	2	FullDelay	0.0028832	2883.2	1	1
18.2129	leaf-2	0	22	LastDelay	0.0028832	2883.2	1	1
18.2129	leaf-2	0	22	FullDelay	0.0028832	2883.2	1	1
18.2229	leaf-3	0	2	LastDelay	0.0028832	2883.2	1	1
18.2229	leaf-3	0	2	FullDelay	0.0028832	2883.2	1	1
18.2329	leaf-4	0	9	LastDelay	0.0028832	2883.2	1	1
18.2329	leaf-4	0	9	FullDelay	0.0028832	2883.2	1	1
18.3029	leaf-1	0	13	LastDelay	0.0028832	2883.2	1	1
18.3029	leaf-1	0	13	FullDelay	0.0028832	2883.2	1	1
18.3129	leaf-2	0	7	LastDelay	0.0028832	2883.2	1	1
18.3129	leaf-2	0	7	FullDelay	0.0028832	2883.2	1	1
18.3229	leaf-3	0	17	LastDelay	0.0028832	2883.2	1	1
18.3229	leaf-3	0	17	FullDelay	0.0028832	2883.2	1	1
18.3329	leaf-4	0	4	LastDelay	0.0028832	2883.2	1	1
18.3329	leaf-4	0	4	FullDelay	0.0028832	2883.2	1	1
18.4029	leaf-1	0	14	LastDelay	0.0028832	2883.2	1	1
18.4029	leaf-1	0	14	FullDelay	0.0028832	2883.2	1	1
18.4129	leaf-2	0	12	LastDelay	0.0028832	2883.2	1	1
18.4129	leaf-2	0	12	FullDelay	0.0028832	2883.2	1	1
18.4229	leaf-3	0	3	LastDelay	0.0028832	2883.2	1	1
18.4229	leaf-3	0	3	FullDelay	0.0028832	2883.2	1	1
18.4329	leaf-4	0	14	LastDelay	0.0028832	2883.2	1	1
18.4329	leaf-4	0	14	FullDelay	0.0028832	2883.2	1	1
18.5029	leaf-1	0	10	LastDelay	0.0028832	2883.2	1	1
18.5029	leaf-1	0	10	FullDelay	0.0028832	2883.2	1	1
18.5129	leaf-2	0	6	LastDelay	0.0028832	2883.2	1	1
18.5129	leaf-2	0	6	FullDelay	0.0028832	2883.2	1	1
18.5229	leaf-3	0	22	LastDelay	0.0028832	2883.2	1	1
18.5229	leaf-3	0	22	FullDelay	0.0028832	2883.2	1	1
18.5329	leaf-4	0	14	LastDelay	0.0028832	2883.2	1	1
18.5329	leaf-4	0	14	FullDelay	0.0028832	2883.2	1	1
18.6029	leaf-1	0	25	LastDelay	0.0028832	2883.2	1	1
18.6029	leaf-1	0	25	FullDelay	0.0028832	2883.2	1	1
18.6129	leaf-2	0	5	LastDelay	0.0028832	2883.2	1	1
18.6129	leaf-2	0	5	FullDelay	0.0028832	2883.2	1	1
18.6229	leaf-3	0	1	LastDelay	0.0028832	2883.2	1	1
18.6229	leaf-3	0	1	FullDelay	0.0028832	2883.2	1	1
18.6329	leaf-4	0	19	LastDelay	0.0028832	2883.2	1	1
18.6329	leaf-4	0	19	FullDelay	0.0028832	2883.2	1	1
18.7029	leaf-1	0	26	LastDelay	0.0028832	2883.2	1	1
18.7029	leaf-1	0	26	FullDelay	0.0028832	2883.2	1	1
18.7129	leaf-2	0	11	LastDelay	0.0028832	2883.2	1	1
18.7129	leaf-2	0	11	FullDelay	0.0028832	2883.2	1	1
18.7229	leaf-3	0	2	LastDelay	0.0028832	2883.2	1	1
18.7229	leaf-3	0	2	FullDelay	0.0028832	2883.2	1	1
18.7329	leaf-4	0	2	LastDelay	0.0028832	2883.2	1	1
18.7329	leaf-4	0	2	FullDelay	0.0028832	2883.2	1	1
18.8029	leaf-1	0	2	LastDelay	0.0028832	2883.2	1	1
18.8029	leaf-1	0	2	FullDelay	0.0028832	2883.2	1	1
18.8129	leaf-2	0	21	LastDelay	0.0028832	2883.2	1	1
18.8129	leaf-2	0	21	FullDelay	0.0028832	2883.2	1	1
18.8229	leaf-3	0	10	LastDelay	0.0028832	2883.2	1	1
18.8229	leaf-3	0	10	FullDelay	0.0028832	2883.2	1	1
18.8329	leaf-4	0	4	LastDelay	0.0028832	2883.2	1	1
18.8329	leaf-4	0	4	FullDelay	0.0028832	2883.2	1	1
18.9029	leaf-1	0	20	LastDelay	0.0028832	2883.2	1	1
18.9029	leaf-1	0	20	FullDelay	0.0028832	2883.2	1	1
18.9129	leaf-2	0	17	LastDelay	0.0028832	2883.2	1	1
18.9129	leaf-2	0	17	FullDelay	0.0028832	2883.2	1	1
18.9229	leaf-3	0	2	LastDelay	0.0028832	2883.2	1	1
18.9229	leaf-3	0	2	FullDelay	0.0028832	2883.2	1	1
18.9329	leaf-4	0	24	LastDelay	0.0028832	2883.2	1	1
18.9329	leaf-4	0	24	FullDelay	0.0028832	2883.2	1	1
19.0029	leaf-1	0	10	LastDelay	0.0028832	2883.2	1	1
19.0029	leaf-1	0	10	FullDelay	0.0028832	2883.2	1	1
19.0129	leaf-2	0	26	LastDelay	0.0028832	2883.2	1	1
19.0129	leaf-2	0	26	FullDelay	0.0028832	2883.2	1	1
19.0229	leaf-3	0	24	LastDelay	0.0028832	2883.2	1	1
19.0229	leaf-3	0	24	FullDelay	0.0028832	2883.2	1	1
19.0329	leaf-4	0	10	LastDelay	0.0028832	2883.2	1	1
19.0329	leaf-4	0	10	FullDelay	0.0028832	2883.2	1	1
19.1029	leaf-1	0	17	LastDelay	0.0028832	2883.2	1	1
19.1029	leaf-1	0	17	FullDelay	0.0028832	2883.2	1	1
19.1129	leaf-2	0	25	LastDelay	0.0028832	2883.2	1	1
19.1129	leaf-2	0	25	FullDelay	0.0028832	2883.2	1	1
19.1229	leaf-3	0	18	LastDelay	0.0028832	2883.2	1	1
19.1229	leaf-3	0	18	FullDelay	0.0028832	2883.2	1	1
19.1329	leaf-4	0	30	LastDelay	0.0028832	2883.2	1	1
19.1329	leaf-4	0	30	FullDelay	0.0028832	2883.2	1	1
19.2029	leaf-1	0	2	LastDelay	0.0028832	2883.2	1	1
19.2029	leaf-1	0	2	FullDelay	0.0028832	2883.2	1	1
19.2129	leaf-2	0	2	LastDelay	0.0028832	2883.2	1	1
19.2129	leaf-2	0	2	FullDelay	0.0028832	2883.2	1	1
19.2229	leaf-3	0	5	LastDelay	0.0028832	2883.2	1	1
19.2229	leaf-3	0	5	FullDelay	0.0028832	2883.2	1	1
19.2329	leaf-4	0	18	LastDelay	0.0028832	2883.2	1	1
19.2329	leaf-4	0	18	FullDelay	0.0028832	2883.2	1	1
19.3029	leaf-1	0	4	LastDelay	0.0028832	2883.2	1	1
19.3029	leaf-1	0	4	FullDelay	0.0028832	2883.2	1	1
19.3129	leaf-2	0	2	LastDelay	0.0028832	2883.2	1	1
19.3129	leaf-2	0	2	FullDelay	0.0028832	2883.2	1	1
19.3229	leaf-3	0	14	LastDelay	0.0028832	2883.2	1	1
19.3229	leaf-3	0	14	FullDelay	0.0028832	2883.2	1	1
19.3329	leaf-4	0	14	LastDelay	0.0028832	2883.2	1	1
19.3329	leaf-4	0	14	FullDelay	0.0028832	2883.2	1	1
19.4029	leaf-1	0	8	LastDelay	0.0028832	2883.2	1	1
19.4029	leaf-1	0	8	FullDelay	0.0028832	2883.2	1	1
19.4129	leaf-2	0	1	LastDelay	0.0028832	2883.2	1	1
19.4129	leaf-2	0	1	FullDelay	0.0028832	2883.2	1	1
19.4229	leaf-3	0	29	LastDelay	0.0028832	2883.2	1	1
19.4229	leaf-3	0	29	FullDelay	0.0028832	2883.2	1	1
19.4329	leaf-4	0	2	LastDelay	0.0028832	2883.2	1	1
19.4329	leaf-4	0	2	FullDelay	0.0028832	2883.2	1	1
19.5029	leaf-1	0	3	LastDelay	0.0028832	2883.2	1	1
19.5029	leaf-1	0	3	FullDelay	0.0028832	2883.2	1	1
19.5129	leaf-2	0	19	LastDelay	0.0028832	2883.2	1	1
19.5129	leaf-2	0	19	FullDelay	0.0028832	2883.2	1	1
19.5229	leaf-3	0	5	LastDelay	0.0028832	2883.2	1	1
19.5229	leaf-3	0	5	FullDelay	0.0028832	2883.2	1	1
19.5329	leaf-4	0	13	LastDelay	0.0028832	2883.2	1	1
19.5329	leaf-4	0	13	FullDelay	0.0028832	2883.2	1	1
19.6029	leaf-1	0	1	LastDelay	0.0028832	2883.2	1	1
19.6029	leaf-1	0	1	FullDelay	0.0028832	2883.2	1	1
19.6129	leaf-2	0	6	LastDelay	0.0028832	2883.2	1	1
19.6129	leaf-2	0	6	FullDelay	0.0028832	2883.2	1	1
19.6229	leaf-3	0	19	LastDelay	0.0028832	2883.2	1	1
19.6229	leaf-3	0	19	FullDelay	0.0028832	2883.2	1	1
19.6329	leaf-4	0	4	LastDelay	0.0028832	2883.2	1	1
19.6329	leaf-4	0	4	FullDelay	0.0028832	2883.2	1	1
19.7029	leaf-1	0	21	LastDelay	0.0028832	2883.2	1	1
19.7029	leaf-1	0	21	FullDelay	0.0028832	2883.2	1	1
19.7129	leaf-2	0	5	LastDelay	0.0028832	2883.2	1	1
19.7129	leaf-2	0	5	FullDelay	0.0028832	2883.2	1	1
19.7229	leaf-3	0	10	LastDelay	0.0028832	2883.2	1	1
19.7229	leaf-3	0	10	FullDelay	0.0028832	2883.2	1	1
19.7329	leaf-4	0	14	LastDelay	0.0028832	2883.2	1	1
19.7329	leaf-4	0	14	FullDelay	0.0028832	2883.2	1	1
19.8029	leaf-1	0	8	LastDelay	0.0028832	2883.2	1	1
19.8029	leaf-1	0	8	FullDelay	0.0028832	2883.2	1	1
19.8129	leaf-2	0	1	LastDelay	0.0028832	2883.2	1	1
19.8129	leaf-2	0	1	FullDelay	0.0028832	2883.2	1	1
19.8229	leaf-3	0	18	LastDelay	0.0028832	2883.2	1	1
19.8229	leaf-3	0	18	FullDelay	0.0028832	2883.2	1	1
19.8329	leaf-4	0	27	LastDelay	0.0028832	2883.2	1	1
19.8329	leaf-4	0	27	FullDelay	0.0028832	2883.2	1	1
19.9029	leaf-1	0	1	LastDelay	0.0028832	2883.2	1	1
19.9029	leaf-1	0	1	FullDelay	0.0028832	2883.2	1	1
19.9129	leaf-2	0	24	LastDelay	0.0028832	2883.2	1	1
19.9129	leaf-2	0	24	FullDelay	0.0028832	2883.2	1	1
19.9229	leaf-3	0	19	LastDelay	0.0028832	2883.2	1	1
19.9229	leaf-3	0	19	FullDelay	0.0028832	2883.2	1	1
19.9329	leaf-4	0	7	LastDelay	0.0028832	2883.2	1	1
19.9329	leaf-4	0	7	FullDelay	0.0028832	2883.2	1	1
